import equational_theories.Equations.All
import equational_theories.FactsSyntax
import equational_theories.MemoFinOp
import equational_theories.DecideBang
import Mathlib.Data.Finite.Prod

private def model41n7_op := finOpTable "[[0,40,21,30,37,10,27,35,38,4,6,31,13,28,32,12,24,15,20,3,33,7,34,5,23,19,29,18,39,36,22,1,17,16,11,9,2,26,14,8,25],[9,1,40,22,31,38,11,28,36,39,5,7,32,14,29,33,13,25,16,21,4,34,8,35,6,24,20,30,19,0,37,23,2,18,17,12,10,3,27,15,26],[16,10,2,40,23,32,39,12,29,37,0,6,8,33,15,30,34,14,26,17,22,5,35,9,36,7,25,21,31,20,1,38,24,3,19,18,13,11,4,28,27],[29,17,11,3,40,24,33,0,13,30,38,1,7,9,34,16,31,35,15,27,18,23,6,36,10,37,8,26,22,32,21,2,39,25,4,20,19,14,12,5,28],[6,30,18,12,4,40,25,34,1,14,31,39,2,8,10,35,17,32,36,16,28,19,24,7,37,11,38,9,27,23,33,22,3,0,26,5,21,20,15,13,29],[14,7,31,19,13,5,40,26,35,2,15,32,0,3,9,11,36,18,33,37,17,29,20,25,8,38,12,39,10,28,24,34,23,4,1,27,6,22,21,16,30],[17,15,8,32,20,14,6,40,27,36,3,16,33,1,4,10,12,37,19,34,38,18,30,21,26,9,39,13,0,11,29,25,35,24,5,2,28,7,23,22,31],[23,18,16,9,33,21,15,7,40,28,37,4,17,34,2,5,11,13,38,20,35,39,19,31,22,27,10,0,14,1,12,30,26,36,25,6,3,29,8,24,32],[25,24,19,17,10,34,22,16,8,40,29,38,5,18,35,3,6,12,14,39,21,36,0,20,32,23,28,11,1,15,2,13,31,27,37,26,7,4,30,9,33],[10,26,25,20,18,11,35,23,17,9,40,30,39,6,19,36,4,7,13,15,0,22,37,1,21,33,24,29,12,2,16,3,14,32,28,38,27,8,5,31,34],[32,11,27,26,21,19,12,36,24,18,10,40,31,0,7,20,37,5,8,14,16,1,23,38,2,22,34,25,30,13,3,17,4,15,33,29,39,28,9,6,35],[7,33,12,28,27,22,20,13,37,25,19,11,40,32,1,8,21,38,6,9,15,17,2,24,39,3,23,35,26,31,14,4,18,5,16,34,30,0,29,10,36],[11,8,34,13,29,28,23,21,14,38,26,20,12,40,33,2,9,22,39,7,10,16,18,3,25,0,4,24,36,27,32,15,5,19,6,17,35,31,1,30,37],[31,12,9,35,14,30,29,24,22,15,39,27,21,13,40,34,3,10,23,0,8,11,17,19,4,26,1,5,25,37,28,33,16,6,20,7,18,36,32,2,38],[3,32,13,10,36,15,31,30,25,23,16,0,28,22,14,40,35,4,11,24,1,9,12,18,20,5,27,2,6,26,38,29,34,17,7,21,8,19,37,33,39],[34,4,33,14,11,37,16,32,31,26,24,17,1,29,23,15,40,36,5,12,25,2,10,13,19,21,6,28,3,7,27,39,30,35,18,8,22,9,20,38,0],[39,35,5,34,15,12,38,17,33,32,27,25,18,2,30,24,16,40,37,6,13,26,3,11,14,20,22,7,29,4,8,28,0,31,36,19,9,23,10,21,1],[22,0,36,6,35,16,13,39,18,34,33,28,26,19,3,31,25,17,40,38,7,14,27,4,12,15,21,23,8,30,5,9,29,1,32,37,20,10,24,11,2],[12,23,1,37,7,36,17,14,0,19,35,34,29,27,20,4,32,26,18,40,39,8,15,28,5,13,16,22,24,9,31,6,10,30,2,33,38,21,11,25,3],[26,13,24,2,38,8,37,18,15,1,20,36,35,30,28,21,5,33,27,19,40,0,9,16,29,6,14,17,23,25,10,32,7,11,31,3,34,39,22,12,4],[13,27,14,25,3,39,9,38,19,16,2,21,37,36,31,29,22,6,34,28,20,40,1,10,17,30,7,15,18,24,26,11,33,8,12,32,4,35,0,23,5],[24,14,28,15,26,4,0,10,39,20,17,3,22,38,37,32,30,23,7,35,29,21,40,2,11,18,31,8,16,19,25,27,12,34,9,13,33,5,36,1,6],[2,25,15,29,16,27,5,1,11,0,21,18,4,23,39,38,33,31,24,8,36,30,22,40,3,12,19,32,9,17,20,26,28,13,35,10,14,34,6,37,7],[38,3,26,16,30,17,28,6,2,12,1,22,19,5,24,0,39,34,32,25,9,37,31,23,40,4,13,20,33,10,18,21,27,29,14,36,11,15,35,7,8],[8,39,4,27,17,31,18,29,7,3,13,2,23,20,6,25,1,0,35,33,26,10,38,32,24,40,5,14,21,34,11,19,22,28,30,15,37,12,16,36,9],[37,9,0,5,28,18,32,19,30,8,4,14,3,24,21,7,26,2,1,36,34,27,11,39,33,25,40,6,15,22,35,12,20,23,29,31,16,38,13,17,10],[18,38,10,1,6,29,19,33,20,31,9,5,15,4,25,22,8,27,3,2,37,35,28,12,0,34,26,40,7,16,23,36,13,21,24,30,32,17,39,14,11],[15,19,39,11,2,7,30,20,34,21,32,10,6,16,5,26,23,9,28,4,3,38,36,29,13,1,35,27,40,8,17,24,37,14,22,25,31,33,18,0,12],[1,16,20,0,12,3,8,31,21,35,22,33,11,7,17,6,27,24,10,29,5,4,39,37,30,14,2,36,28,40,9,18,25,38,15,23,26,32,34,19,13],[20,2,17,21,1,13,4,9,32,22,36,23,34,12,8,18,7,28,25,11,30,6,5,0,38,31,15,3,37,29,40,10,19,26,39,16,24,27,33,35,14],[36,21,3,18,22,2,14,5,10,33,23,37,24,35,13,9,19,8,29,26,12,31,7,6,1,39,32,16,4,38,30,40,11,20,27,0,17,25,28,34,15],[35,37,22,4,19,23,3,15,6,11,34,24,38,25,36,14,10,20,9,30,27,13,32,8,7,2,0,33,17,5,39,31,40,12,21,28,1,18,26,29,16],[30,36,38,23,5,20,24,4,16,7,12,35,25,39,26,37,15,11,21,10,31,28,14,33,9,8,3,1,34,18,6,0,32,40,13,22,29,2,19,27,17],[28,31,37,39,24,6,21,25,5,17,8,13,36,26,0,27,38,16,12,22,11,32,29,15,34,10,9,4,2,35,19,7,1,33,40,14,23,30,3,20,18],[21,29,32,38,0,25,7,22,26,6,18,9,14,37,27,1,28,39,17,13,23,12,33,30,16,35,11,10,5,3,36,20,8,2,34,40,15,24,31,4,19],[5,22,30,33,39,1,26,8,23,27,7,19,10,15,38,28,2,29,0,18,14,24,13,34,31,17,36,12,11,6,4,37,21,9,3,35,40,16,25,32,20],[33,6,23,31,34,0,2,27,9,24,28,8,20,11,16,39,29,3,30,1,19,15,25,14,35,32,18,37,13,12,7,5,38,22,10,4,36,40,17,26,21],[27,34,7,24,32,35,1,3,28,10,25,29,9,21,12,17,0,30,4,31,2,20,16,26,15,36,33,19,38,14,13,8,6,39,23,11,5,37,40,18,22],[19,28,35,8,25,33,36,2,4,29,11,26,30,10,22,13,18,1,31,5,32,3,21,17,27,16,37,34,20,39,15,14,9,7,0,24,12,6,38,40,23],[40,20,29,36,9,26,34,37,3,5,30,12,27,31,11,23,14,19,2,32,6,33,4,22,18,28,17,38,35,21,0,16,15,10,8,1,25,13,7,39,24],[4,5,6,7,8,9,10,11,12,13,14,15,16,17,18,19,20,21,22,23,24,25,26,27,28,29,30,31,32,33,34,35,36,37,38,39,0,1,2,3,40]]"

@[equational_result]
theorem facts_from_model41n7 :
  ∃ (G : Type) (_ : Magma G) (_: Finite G), Facts G
  [1, 3, 8, 23, 47, 99, 151, 203, 255, 307, 326, 359, 375, 411, 474, 614, 677, 817, 1020, 1223, 1426, 1629, 1832, 2035, 2238, 2441, 2644, 2847, 3050, 3253, 3319, 3456, 3522, 3659, 3715, 3722, 3862, 3915, 3961, 4065, 4118, 4380, 4435, 4470]
  [2, 4, 5, 9, 10, 11, 13, 14, 16, 24, 25, 26, 28, 31, 38, 39, 40, 41, 43, 48, 49, 50, 52, 53, 55, 56, 58, 62, 63, 65, 66, 72, 73, 75, 100, 101, 102, 103, 104, 105, 106, 107, 108, 109, 111, 115, 117, 118, 124, 125, 127, 138, 152, 153, 156, 159, 160, 161, 162, 166, 167, 168, 205, 206, 208, 209, 211, 218, 219, 221, 222, 224, 228, 229, 231, 238, 242, 246, 256, 257, 258, 260, 261, 263, 264, 266, 270, 271, 273, 274, 280, 283, 308, 309, 310, 311, 312, 313, 314, 315, 316, 317, 318, 319, 323, 325, 327, 329, 332, 333, 335, 336, 343, 360, 361, 362, 363, 364, 365, 366, 367, 368, 370, 371, 372, 374, 377, 378, 379, 381, 384, 385, 395, 412, 413, 414, 416, 417, 418, 419, 420, 422, 426, 427, 428, 429, 430, 432, 433, 434, 436, 437, 439, 440, 442, 443, 446, 450, 452, 455, 463, 464, 466, 467, 473, 476, 477, 481, 492, 500, 501, 503, 504, 508, 510, 511, 513, 543, 546, 556, 562, 615, 616, 617, 618, 619, 620, 621, 622, 623, 624, 626, 629, 630, 632, 633, 635, 639, 640, 642, 643, 645, 646, 647, 653, 655, 657, 658, 667, 669, 670, 676, 679, 680, 690, 692, 695, 703, 704, 706, 707, 713, 714, 716, 723, 727, 731, 765, 778, 818, 819, 820, 822, 823, 824, 825, 826, 827, 828, 829, 832, 833, 834, 835, 836, 837, 838, 839, 840, 842, 843, 844, 845, 846, 847, 848, 854, 856, 860, 861, 870, 872, 873, 879, 880, 882, 883, 887, 895, 898, 906, 907, 910, 916, 917, 947, 960, 978, 1021, 1022, 1023, 1025, 1026, 1027, 1028, 1029, 1032, 1033, 1035, 1036, 1037, 1038, 1039, 1041, 1042, 1043, 1045, 1046, 1048, 1049, 1050, 1051, 1052, 1053, 1055, 1056, 1060, 1061, 1063, 1073, 1075, 1076, 1082, 1083, 1085, 1086, 1090, 1096, 1098, 1101, 1109, 1110, 1112, 1113, 1117, 1119, 1122, 1133, 1137, 1152, 1167, 1171, 1184, 1224, 1225, 1226, 1227, 1228, 1229, 1230, 1231, 1232, 1233, 1234, 1235, 1236, 1237, 1238, 1239, 1240, 1241, 1242, 1243, 1244, 1245, 1248, 1249, 1250, 1251, 1252, 1253, 1254, 1255, 1256, 1259, 1262, 1263, 1264, 1267, 1271, 1276, 1278, 1279, 1285, 1286, 1288, 1289, 1312, 1313, 1315, 1316, 1322, 1323, 1325, 1340, 1353, 1368, 1370, 1374, 1387, 1427, 1428, 1429, 1431, 1432, 1434, 1435, 1437, 1441, 1442, 1443, 1444, 1445, 1446, 1447, 1448, 1451, 1453, 1454, 1455, 1456, 1457, 1459, 1461, 1465, 1467, 1469, 1470, 1478, 1479, 1480, 1481, 1482, 1483, 1484, 1485, 1486, 1488, 1489, 1491, 1492, 1496, 1515, 1516, 1518, 1519, 1523, 1525, 1526, 1586, 1630, 1631, 1632, 1633, 1634, 1635, 1636, 1637, 1638, 1641, 1644, 1645, 1647, 1648, 1650, 1654, 1655, 1656, 1657, 1658, 1659, 1660, 1661, 1662, 1664, 1668, 1670, 1672, 1673, 1681, 1682, 1684, 1685, 1687, 1691, 1692, 1694, 1695, 1697, 1701, 1705, 1718, 1719, 1721, 1722, 1724, 1726, 1728, 1729, 1731, 1738, 1793, 1833, 1834, 1835, 1837, 1838, 1839, 1840, 1841, 1843, 1845, 1847, 1848, 1849, 1850, 1851, 1853, 1855, 1857, 1858, 1860, 1861, 1863, 1876, 1884, 1885, 1887, 1888, 1894, 1895, 1897, 1898, 1904, 1921, 1922, 1924, 1925, 1931, 1958, 1975, 2036, 2037, 2038, 2040, 2041, 2043, 2044, 2045, 2046, 2050, 2051, 2052, 2053, 2054, 2055, 2056, 2060, 2061, 2062, 2063, 2064, 2065, 2066, 2068, 2070, 2074, 2076, 2078, 2079, 2087, 2088, 2089, 2090, 2091, 2093, 2097, 2098, 2101, 2115, 2124, 2125, 2126, 2127, 2128, 2132, 2134, 2240, 2241, 2243, 2244, 2246, 2247, 2253, 2254, 2256, 2257, 2259, 2260, 2263, 2264, 2266, 2273, 2277, 2281, 2290, 2291, 2293, 2294, 2296, 2300, 2301, 2303, 2304, 2306, 2310, 2314, 2318, 2327, 2328, 2330, 2337, 2338, 2340, 2347, 2351, 2355, 2364, 2368, 2372, 2381, 2385, 2389, 2398, 2402, 2406, 2415, 2420, 2443, 2444, 2446, 2447, 2449, 2450, 2452, 2456, 2457, 2459, 2460, 2462, 2466, 2467, 2469, 2472, 2484, 2493, 2496, 2497, 2499, 2503, 2504, 2506, 2507, 2513, 2517, 2530, 2531, 2533, 2534, 2536, 2538, 2540, 2541, 2543, 2550, 2554, 2558, 2571, 2584, 2588, 2592, 2609, 2646, 2647, 2649, 2650, 2652, 2653, 2659, 2660, 2662, 2665, 2666, 2669, 2670, 2672, 2675, 2679, 2683, 2687, 2696, 2697, 2699, 2700, 2702, 2706, 2707, 2709, 2710, 2712, 2716, 2724, 2733, 2734, 2736, 2737, 2739, 2743, 2744, 2746, 2778, 2787, 2804, 2808, 2812, 2849, 2850, 2852, 2853, 2855, 2856, 2862, 2863, 2865, 2866, 2868, 2872, 2873, 2875, 2878, 2883, 2886, 2890, 2899, 2900, 2902, 2903, 2909, 2910, 2912, 2919, 2936, 2937, 2939, 2940, 2946, 2947, 2949, 2964, 2973, 2990, 2994, 2998, 3007, 3011, 3051, 3052, 3053, 3055, 3056, 3058, 3059, 3061, 3065, 3066, 3068, 3069, 3071, 3075, 3076, 3078, 3079, 3085, 3089, 3091, 3093, 3102, 3103, 3105, 3106, 3108, 3112, 3113, 3115, 3116, 3122, 3139, 3140, 3142, 3143, 3145, 3149, 3150, 3152, 3161, 3180, 3197, 3201, 3214, 3254, 3255, 3256, 3257, 3258, 3259, 3260, 3261, 3262, 3263, 3264, 3265, 3267, 3268, 3269, 3270, 3271, 3272, 3273, 3274, 3275, 3277, 3278, 3279, 3280, 3281, 3282, 3283, 3284, 3285, 3288, 3290, 3292, 3294, 3296, 3297, 3300, 3306, 3308, 3309, 3312, 3315, 3316, 3317, 3318, 3320, 3321, 3322, 3323, 3326, 3331, 3334, 3342, 3343, 3345, 3346, 3349, 3350, 3352, 3353, 3355, 3363, 3364, 3385, 3388, 3398, 3414, 3417, 3457, 3458, 3459, 3460, 3461, 3462, 3463, 3464, 3465, 3466, 3467, 3468, 3469, 3470, 3471, 3472, 3473, 3474, 3475, 3476, 3477, 3478, 3479, 3480, 3481, 3482, 3483, 3484, 3485, 3487, 3488, 3489, 3491, 3493, 3495, 3496, 3497, 3499, 3503, 3509, 3511, 3512, 3513, 3515, 3518, 3519, 3520, 3521, 3523, 3524, 3525, 3526, 3527, 3529, 3532, 3533, 3534, 3537, 3541, 3545, 3546, 3548, 3549, 3555, 3556, 3558, 3566, 3583, 3587, 3588, 3591, 3600, 3601, 3607, 3617, 3620, 3634, 3660, 3661, 3662, 3663, 3664, 3665, 3666, 3667, 3668, 3669, 3670, 3671, 3672, 3673, 3674, 3675, 3676, 3677, 3678, 3679, 3680, 3681, 3682, 3683, 3684, 3685, 3686, 3687, 3690, 3694, 3696, 3698, 3702, 3703, 3706, 3712, 3714, 3716, 3718, 3721, 3723, 3724, 3725, 3726, 3727, 3728, 3729, 3730, 3732, 3735, 3736, 3737, 3740, 3744, 3748, 3749, 3751, 3752, 3755, 3756, 3759, 3761, 3769, 3770, 3786, 3790, 3794, 3803, 3820, 3823, 3837, 3863, 3864, 3865, 3866, 3867, 3868, 3869, 3870, 3871, 3872, 3873, 3874, 3875, 3876, 3877, 3878, 3879, 3880, 3881, 3882, 3883, 3884, 3885, 3886, 3887, 3888, 3889, 3890, 3891, 3893, 3894, 3895, 3897, 3899, 3901, 3902, 3903, 3905, 3909, 3917, 3918, 3919, 3921, 3924, 3925, 3926, 3927, 3928, 3929, 3930, 3931, 3932, 3933, 3935, 3939, 3940, 3943, 3947, 3951, 3952, 3954, 3955, 3958, 3962, 3964, 3972, 3973, 3989, 3993, 3994, 3997, 4006, 4007, 4023, 4040, 4066, 4067, 4068, 4069, 4070, 4071, 4072, 4073, 4074, 4075, 4076, 4077, 4078, 4079, 4080, 4081, 4082, 4083, 4084, 4085, 4086, 4087, 4088, 4089, 4090, 4091, 4093, 4094, 4100, 4102, 4104, 4105, 4106, 4108, 4109, 4110, 4112, 4117, 4120, 4121, 4124, 4127, 4128, 4129, 4130, 4131, 4134, 4135, 4138, 4143, 4146, 4154, 4155, 4157, 4158, 4164, 4165, 4167, 4175, 4192, 4200, 4209, 4226, 4268, 4269, 4270, 4271, 4272, 4273, 4274, 4275, 4276, 4277, 4278, 4279, 4280, 4283, 4284, 4286, 4287, 4288, 4290, 4291, 4293, 4295, 4296, 4297, 4299, 4300, 4301, 4303, 4304, 4305, 4314, 4315, 4318, 4320, 4321, 4325, 4327, 4331, 4343, 4358, 4362, 4364, 4369, 4381, 4382, 4383, 4384, 4385, 4386, 4387, 4388, 4389, 4390, 4391, 4392, 4393, 4395, 4396, 4397, 4398, 4399, 4400, 4401, 4402, 4403, 4404, 4405, 4406, 4407, 4408, 4409, 4410, 4411, 4412, 4413, 4415, 4416, 4417, 4420, 4421, 4423, 4424, 4425, 4428, 4430, 4432, 4433, 4434, 4436, 4437, 4438, 4439, 4440, 4441, 4442, 4443, 4444, 4445, 4446, 4447, 4448, 4449, 4450, 4452, 4456, 4457, 4458, 4460, 4461, 4462, 4469, 4471, 4472, 4473, 4474, 4475, 4476, 4477, 4478, 4479, 4480, 4481, 4482, 4483, 4484, 4485, 4486, 4487, 4489, 4490, 4491, 4494, 4495, 4497, 4498, 4499, 4502, 4506, 4507, 4508, 4509, 4510, 4511, 4512, 4513, 4514, 4515, 4516, 4517, 4519, 4520, 4521, 4523, 4524, 4525, 4526, 4527, 4528, 4529, 4530, 4531, 4533, 4535, 4537, 4538, 4541, 4542, 4544, 4546, 4550, 4554, 4559, 4564, 4569, 4574, 4583, 4584, 4585, 4586, 4587, 4588, 4589, 4590, 4591, 4592, 4593, 4594, 4595, 4598, 4599, 4601, 4602, 4603, 4605, 4606, 4608, 4610, 4611, 4612, 4614, 4615, 4616, 4619, 4620, 4629, 4630, 4633, 4635, 4636, 4637, 4640, 4642, 4646, 4658, 4673, 4677, 4679, 4684]
  :=
  ⟨_, Magma.mk model41n7_op, Finite.of_fintype _, by decideFin!⟩

