import equational_theories.Equations.All
import equational_theories.FactsSyntax
import equational_theories.MemoFinOp
import equational_theories.DecideBang
import Mathlib.Data.Finite.Prod

private def model81n1_op := finOpTable "[[0,80,21,77,5,36,24,58,66,73,37,34,44,10,6,70,14,42,59,41,64,29,65,43,62,46,19,76,13,18,53,4,8,45,79,72,39,12,22,55,60,40,52,47,50,38,67,7,78,63,15,26,48,75,32,57,28,30,16,54,69,68,23,74,3,17,71,61,35,11,56,2,49,27,25,31,20,1,33,51,9],[56,1,80,22,78,6,37,25,59,67,74,38,35,45,11,7,71,15,43,60,42,65,30,66,44,63,47,20,77,14,19,54,5,9,46,40,73,0,13,23,52,61,41,53,48,51,39,68,8,79,64,16,27,49,76,33,58,29,31,17,55,70,69,24,75,4,18,72,62,36,12,57,3,50,28,26,32,21,2,34,10],[24,57,2,80,23,79,7,38,26,60,68,75,39,36,46,12,8,72,16,44,61,43,66,31,67,45,64,48,21,78,15,20,55,6,10,47,41,74,1,14,35,53,62,42,54,49,52,0,69,9,40,65,17,28,50,77,34,59,30,32,18,56,71,70,25,76,5,19,73,63,37,13,58,4,51,29,27,33,22,3,11],[15,25,58,3,80,24,40,8,39,27,61,69,76,0,37,47,13,9,73,17,45,62,44,67,32,68,46,65,49,22,79,16,21,56,7,11,48,42,75,2,4,36,54,63,43,55,50,53,1,70,10,41,66,18,29,51,78,35,60,31,33,19,57,72,71,26,77,6,20,74,64,38,14,59,5,52,30,28,34,23,12],[3,16,26,59,4,80,25,41,9,0,28,62,70,77,1,38,48,14,10,74,18,46,63,45,68,33,69,47,66,50,23,40,17,22,57,8,12,49,43,76,24,5,37,55,64,44,56,51,54,2,71,11,42,67,19,30,52,79,36,61,32,34,20,58,73,72,27,78,7,21,75,65,39,15,60,6,53,31,29,35,13],[77,4,17,27,60,5,80,26,42,10,1,29,63,71,78,2,39,49,15,11,75,19,47,64,46,69,34,70,48,67,51,24,41,18,23,58,9,13,50,44,36,25,6,38,56,65,45,57,52,55,3,72,12,43,68,20,31,53,40,37,62,33,35,21,59,74,73,28,79,8,22,76,66,0,16,61,7,54,32,30,14],[45,78,5,18,28,61,6,80,27,43,11,2,30,64,72,79,3,0,50,16,12,76,20,48,65,47,70,35,71,49,68,52,25,42,19,24,59,10,14,51,31,37,26,7,39,57,66,46,58,53,56,4,73,13,44,69,21,32,54,41,38,63,34,36,22,60,75,74,29,40,9,23,77,67,1,17,62,8,55,33,15],[52,46,79,6,19,29,62,7,80,28,44,12,3,31,65,73,40,4,1,51,17,13,77,21,49,66,48,71,36,72,50,69,53,26,43,20,25,60,11,15,34,32,38,27,8,0,58,67,47,59,54,57,5,74,14,45,70,22,33,55,42,39,64,35,37,23,61,76,75,30,41,10,24,78,68,2,18,63,9,56,16],[16,53,47,40,7,20,30,63,8,80,29,45,13,4,32,66,74,41,5,2,52,18,14,78,22,50,67,49,72,37,73,51,70,54,27,44,21,26,61,12,57,35,33,39,28,9,1,59,68,48,60,55,58,6,75,15,46,71,23,34,56,43,0,65,36,38,24,62,77,76,31,42,11,25,79,69,3,19,64,10,17],[13,17,54,48,41,8,21,31,64,9,80,30,46,14,5,33,67,75,42,6,3,53,19,15,79,23,51,68,50,73,38,74,52,71,55,28,45,22,27,62,11,58,36,34,0,29,10,2,60,69,49,61,56,59,7,76,16,47,72,24,35,57,44,1,66,37,39,25,63,78,77,32,43,12,26,40,70,4,20,65,18],[63,14,18,55,49,42,9,22,32,65,10,80,31,47,15,6,34,68,76,43,7,4,54,20,16,40,24,52,69,51,74,39,75,53,72,56,29,46,23,28,66,12,59,37,35,1,30,11,3,61,70,50,62,57,60,8,77,17,48,73,25,36,58,45,2,67,38,0,26,64,79,78,33,44,13,27,41,71,5,21,19],[29,64,15,19,56,50,43,10,23,33,66,11,80,32,48,16,7,35,69,77,44,8,5,55,21,17,41,25,53,70,52,75,0,76,54,73,57,30,47,24,22,67,13,60,38,36,2,31,12,4,62,71,51,63,58,61,9,78,18,49,74,26,37,59,46,3,68,39,1,27,65,40,79,34,45,14,28,42,72,6,20],[25,30,65,16,20,57,51,44,11,24,34,67,12,80,33,49,17,8,36,70,78,45,9,6,56,22,18,42,26,54,71,53,76,1,77,55,74,58,31,48,7,23,68,14,61,39,37,3,32,13,5,63,72,52,64,59,62,10,79,19,50,75,27,38,60,47,4,69,0,2,28,66,41,40,35,46,15,29,43,73,21],[49,26,31,66,17,21,58,52,45,12,25,35,68,13,80,34,50,18,9,37,71,79,46,10,7,57,23,19,43,27,55,72,54,77,2,78,56,75,59,32,74,8,24,69,15,62,0,38,4,33,14,6,64,73,53,65,60,63,11,40,20,51,76,28,39,61,48,5,70,1,3,29,67,42,41,36,47,16,30,44,22],[33,50,27,32,67,18,22,59,53,46,13,26,36,69,14,80,35,51,19,10,38,72,40,47,11,8,58,24,20,44,28,56,73,55,78,3,79,57,76,60,45,75,9,25,70,16,63,1,39,5,34,15,7,65,74,54,66,61,64,12,41,21,52,77,29,0,62,49,6,71,2,4,30,68,43,42,37,48,17,31,23],[61,34,51,28,33,68,19,23,60,54,47,14,27,37,70,15,80,36,52,20,11,39,73,41,48,12,9,59,25,21,45,29,57,74,56,79,4,40,58,77,32,46,76,10,26,71,17,64,2,0,6,35,16,8,66,75,55,67,62,65,13,42,22,53,78,30,1,63,50,7,72,3,5,31,69,44,43,38,49,18,24],[78,62,35,52,29,34,69,20,24,61,55,48,15,28,38,71,16,80,37,53,21,12,0,74,42,49,13,10,60,26,22,46,30,58,75,57,40,5,41,59,19,33,47,77,11,27,72,18,65,3,1,7,36,17,9,67,76,56,68,63,66,14,43,23,54,79,31,2,64,51,8,73,4,6,32,70,45,44,39,50,25],[60,79,63,36,53,30,35,70,21,25,62,56,49,16,29,39,72,17,80,38,54,22,13,1,75,43,50,14,11,61,27,23,47,31,59,76,58,41,6,42,51,20,34,48,78,12,28,73,19,66,4,2,8,37,18,10,68,77,57,69,64,67,15,44,24,55,40,32,3,65,52,9,74,5,7,33,71,46,45,0,26],[43,61,40,64,37,54,31,36,71,22,26,63,57,50,17,30,0,73,18,80,39,55,23,14,2,76,44,51,15,12,62,28,24,48,32,60,77,59,42,7,1,52,21,35,49,79,13,29,74,20,67,5,3,9,38,19,11,69,78,58,70,65,68,16,45,25,56,41,33,4,66,53,10,75,6,8,34,72,47,46,27],[8,44,62,41,65,38,55,32,37,72,23,27,64,58,51,18,31,1,74,19,80,0,56,24,15,3,77,45,52,16,13,63,29,25,49,33,61,78,60,43,47,2,53,22,36,50,40,14,30,75,21,68,6,4,10,39,20,12,70,79,59,71,66,69,17,46,26,57,42,34,5,67,54,11,76,7,9,35,73,48,28],[44,9,45,63,42,66,39,56,33,38,73,24,28,65,59,52,19,32,2,75,20,80,1,57,25,16,4,78,46,53,17,14,64,30,26,50,34,62,79,61,49,48,3,54,23,37,51,41,15,31,76,22,69,7,5,11,0,21,13,71,40,60,72,67,70,18,47,27,58,43,35,6,68,55,12,77,8,10,36,74,29],[62,45,10,46,64,43,67,0,57,34,39,74,25,29,66,60,53,20,33,3,76,21,80,2,58,26,17,5,79,47,54,18,15,65,31,27,51,35,63,40,75,50,49,4,55,24,38,52,42,16,32,77,23,70,8,6,12,1,22,14,72,41,61,73,68,71,19,48,28,59,44,36,7,69,56,13,78,9,11,37,30],[41,63,46,11,47,65,44,68,1,58,35,0,75,26,30,67,61,54,21,34,4,77,22,80,3,59,27,18,6,40,48,55,19,16,66,32,28,52,36,64,38,76,51,50,5,56,25,39,53,43,17,33,78,24,71,9,7,13,2,23,15,73,42,62,74,69,72,20,49,29,60,45,37,8,70,57,14,79,10,12,31],[65,42,64,47,12,48,66,45,69,2,59,36,1,76,27,31,68,62,55,22,35,5,78,23,80,4,60,28,19,7,41,49,56,20,17,67,33,29,53,37,13,39,77,52,51,6,57,26,0,54,44,18,34,79,25,72,10,8,14,3,24,16,74,43,63,75,70,73,21,50,30,61,46,38,9,71,58,15,40,11,32],[38,66,43,65,48,13,49,67,46,70,3,60,37,2,77,28,32,69,63,56,23,36,6,79,24,80,5,61,29,20,8,42,50,57,21,18,68,34,30,54,12,14,0,78,53,52,7,58,27,1,55,45,19,35,40,26,73,11,9,15,4,25,17,75,44,64,76,71,74,22,51,31,62,47,39,10,72,59,16,41,33],[55,39,67,44,66,49,14,50,68,47,71,4,61,38,3,78,29,33,70,64,57,24,37,7,40,25,80,6,62,30,21,9,43,51,58,22,19,69,35,31,42,13,15,1,79,54,53,8,59,28,2,56,46,20,36,41,27,74,12,10,16,5,26,18,76,45,65,77,72,75,23,52,32,63,48,0,11,73,60,17,34],[32,56,0,68,45,67,50,15,51,69,48,72,5,62,39,4,79,30,34,71,65,58,25,38,8,41,26,80,7,63,31,22,10,44,52,59,23,20,70,36,18,43,14,16,2,40,55,54,9,60,29,3,57,47,21,37,42,28,75,13,11,17,6,27,19,77,46,66,78,73,76,24,53,33,64,49,1,12,74,61,35],[37,33,57,1,69,46,68,51,16,52,70,49,73,6,63,0,5,40,31,35,72,66,59,26,39,9,42,27,80,8,64,32,23,11,45,53,60,24,21,71,62,19,44,15,17,3,41,56,55,10,61,30,4,58,48,22,38,43,29,76,14,12,18,7,28,20,78,47,67,79,74,77,25,54,34,65,50,2,13,75,36],[72,38,34,58,2,70,47,69,52,17,53,71,50,74,7,64,1,6,41,32,36,73,67,60,27,0,10,43,28,80,9,65,33,24,12,46,54,61,25,22,76,63,20,45,16,18,4,42,57,56,11,62,31,5,59,49,23,39,44,30,77,15,13,19,8,29,21,79,48,68,40,75,78,26,55,35,66,51,3,14,37],[23,73,39,35,59,3,71,48,70,53,18,54,72,51,75,8,65,2,7,42,33,37,74,68,61,28,1,11,44,29,80,10,66,34,25,13,47,55,62,26,15,77,64,21,46,17,19,5,43,58,57,12,63,32,6,60,50,24,0,45,31,78,16,14,20,9,30,22,40,49,69,41,76,79,27,56,36,67,52,4,38],[27,24,74,0,36,60,4,72,49,71,54,19,55,73,52,76,9,66,3,8,43,34,38,75,69,62,29,2,12,45,30,80,11,67,35,26,14,48,56,63,5,16,78,65,22,47,18,20,6,44,59,58,13,64,33,7,61,51,25,1,46,32,79,17,15,21,10,31,23,41,50,70,42,77,40,28,57,37,68,53,39],[64,28,25,75,1,37,61,5,73,50,72,55,20,56,74,53,77,10,67,4,9,44,35,39,76,70,63,30,3,13,46,31,80,12,68,36,27,15,49,57,54,6,17,79,66,23,48,19,21,7,45,60,59,14,65,34,8,62,52,26,2,47,33,40,18,16,22,11,32,24,42,51,71,43,78,41,29,58,38,69,0],[58,65,29,26,76,2,38,62,6,74,51,73,56,21,57,75,54,78,11,68,5,10,45,36,0,77,71,64,31,4,14,47,32,80,13,69,37,28,16,50,70,55,7,18,40,67,24,49,20,22,8,46,61,60,15,66,35,9,63,53,27,3,48,34,41,19,17,23,12,33,25,43,52,72,44,79,42,30,59,39,1],[51,59,66,30,27,77,3,39,63,7,75,52,74,57,22,58,76,55,79,12,69,6,11,46,37,1,78,72,65,32,5,15,48,33,80,14,70,38,29,17,0,71,56,8,19,41,68,25,50,21,23,9,47,62,61,16,67,36,10,64,54,28,4,49,35,42,20,18,24,13,34,26,44,53,73,45,40,43,31,60,2],[18,52,60,67,31,28,78,4,0,64,8,76,53,75,58,23,59,77,56,40,13,70,7,12,47,38,2,79,73,66,33,6,16,49,34,80,15,71,39,30,61,1,72,57,9,20,42,69,26,51,22,24,10,48,63,62,17,68,37,11,65,55,29,5,50,36,43,21,19,25,14,35,27,45,54,74,46,41,44,32,3],[31,19,53,61,68,32,29,79,5,1,65,9,77,54,76,59,24,60,78,57,41,14,71,8,13,48,39,3,40,74,67,34,7,17,50,35,80,16,72,0,33,62,2,73,58,10,21,43,70,27,52,23,25,11,49,64,63,18,69,38,12,66,56,30,6,51,37,44,22,20,26,15,36,28,46,55,75,47,42,45,4],[1,32,20,54,62,69,33,30,40,6,2,66,10,78,55,77,60,25,61,79,58,42,15,72,9,14,49,0,4,41,75,68,35,8,18,51,36,80,17,73,46,34,63,3,74,59,11,22,44,71,28,53,24,26,12,50,65,64,19,70,39,13,67,57,31,7,52,38,45,23,21,27,16,37,29,47,56,76,48,43,5],[74,2,33,21,55,63,70,34,31,41,7,3,67,11,79,56,78,61,26,62,40,59,43,16,73,10,15,50,1,5,42,76,69,36,9,19,52,37,80,18,44,47,35,64,4,75,60,12,23,45,72,29,54,25,27,13,51,66,65,20,71,0,14,68,58,32,8,53,39,46,24,22,28,17,38,30,48,57,77,49,6],[19,75,3,34,22,56,64,71,35,32,42,8,4,68,12,40,57,79,62,27,63,41,60,44,17,74,11,16,51,2,6,43,77,70,37,10,20,53,38,80,50,45,48,36,65,5,76,61,13,24,46,73,30,55,26,28,14,52,67,66,21,72,1,15,69,59,33,9,54,0,47,25,23,29,18,39,31,49,58,78,7],[80,20,76,4,35,23,57,65,72,36,33,43,9,5,69,13,41,58,40,63,28,64,42,61,45,18,75,12,17,52,3,7,44,78,71,38,11,21,54,39,79,51,46,49,37,66,6,77,62,14,25,47,74,31,56,27,29,15,53,68,67,22,73,2,16,70,60,34,10,55,1,48,26,24,30,19,0,32,50,59,8],[71,60,41,73,16,25,5,17,12,15,78,32,47,3,28,55,66,13,0,72,22,68,70,56,19,34,33,63,39,43,57,36,26,75,51,21,42,14,67,65,40,80,61,2,45,76,64,23,31,38,77,74,9,50,46,35,54,7,24,6,29,69,30,8,27,11,59,1,53,58,18,44,48,10,4,37,79,52,62,20,49],[66,72,61,42,74,17,26,6,18,13,16,79,33,48,4,29,56,67,14,1,73,23,69,71,57,20,35,34,64,0,44,58,37,27,76,52,22,43,15,68,21,41,80,62,3,46,77,65,24,32,39,78,75,10,51,47,36,55,8,25,7,30,70,31,9,28,12,60,2,54,59,19,45,49,11,5,38,40,53,63,50],[69,67,73,62,43,75,18,27,7,19,14,17,40,34,49,5,30,57,68,15,2,74,24,70,72,58,21,36,35,65,1,45,59,38,28,77,53,23,44,16,64,22,42,80,63,4,47,78,66,25,33,0,79,76,11,52,48,37,56,9,26,8,31,71,32,10,29,13,61,3,55,60,20,46,50,12,6,39,41,54,51],[17,70,68,74,63,44,76,19,28,8,20,15,18,41,35,50,6,31,58,69,16,3,75,25,71,73,59,22,37,36,66,2,46,60,39,29,78,54,24,45,55,65,23,43,80,64,5,48,79,67,26,34,1,40,77,12,53,49,38,57,10,27,9,32,72,33,11,30,14,62,4,56,61,21,47,51,13,7,0,42,52],[46,18,71,69,75,64,45,77,20,29,9,21,16,19,42,36,51,7,32,59,70,17,4,76,26,72,74,60,23,38,37,67,3,47,61,0,30,79,55,25,43,56,66,24,44,80,65,6,49,40,68,27,35,2,41,78,13,54,50,39,58,11,28,10,33,73,34,12,31,15,63,5,57,62,22,48,52,14,8,1,53],[26,47,19,72,70,76,65,46,78,21,30,10,22,17,20,43,37,52,8,33,60,71,18,5,77,27,73,75,61,24,39,38,68,4,48,62,1,31,40,56,2,44,57,67,25,45,80,66,7,50,41,69,28,36,3,42,79,14,55,51,0,59,12,29,11,34,74,35,13,32,16,64,6,58,63,23,49,53,15,9,54],[57,27,48,20,73,71,77,66,47,79,22,31,11,23,18,21,44,38,53,9,34,61,72,19,6,78,28,74,76,62,25,0,39,69,5,49,63,2,32,41,10,3,45,58,68,26,46,80,67,8,51,42,70,29,37,4,43,40,15,56,52,1,60,13,30,12,35,75,36,14,33,17,65,7,59,64,24,50,54,16,55],[42,58,28,49,21,74,72,78,67,48,40,23,32,12,24,19,22,45,39,54,10,35,62,73,20,7,79,29,75,77,63,26,1,0,70,6,50,64,3,33,17,11,4,46,59,69,27,47,80,68,9,52,43,71,30,38,5,44,41,16,57,53,2,61,14,31,13,36,76,37,15,34,18,66,8,60,65,25,51,55,56],[34,43,59,29,50,22,75,73,79,68,49,41,24,33,13,25,20,23,46,0,55,11,36,63,74,21,8,40,30,76,78,64,27,2,1,71,7,51,65,4,56,18,12,5,47,60,70,28,48,80,69,10,53,44,72,31,39,6,45,42,17,58,54,3,62,15,32,14,37,77,38,16,35,19,67,9,61,66,26,52,57],[5,35,44,60,30,51,23,76,74,40,69,50,42,25,34,14,26,21,24,47,1,56,12,37,64,75,22,9,41,31,77,79,65,28,3,2,72,8,52,66,53,57,19,13,6,48,61,71,29,49,80,70,11,54,45,73,32,0,7,46,43,18,59,55,4,63,16,33,15,38,78,39,17,36,20,68,10,62,67,27,58],[67,6,36,45,61,31,52,24,77,75,41,70,51,43,26,35,15,27,22,25,48,2,57,13,38,65,76,23,10,42,32,78,40,66,29,4,3,73,9,53,28,54,58,20,14,7,49,62,72,30,50,80,71,12,55,46,74,33,1,8,47,44,19,60,56,5,64,17,34,16,39,79,0,18,37,21,69,11,63,68,59],[54,68,7,37,46,62,32,53,25,78,76,42,71,52,44,27,36,16,28,23,26,49,3,58,14,39,66,77,24,11,43,33,79,41,67,30,5,4,74,10,69,29,55,59,21,15,8,50,63,73,31,51,80,72,13,56,47,75,34,2,9,48,45,20,61,57,6,65,18,35,17,0,40,1,19,38,22,70,12,64,60],[11,55,69,8,38,47,63,33,54,26,79,77,43,72,53,45,28,37,17,29,24,27,50,4,59,15,0,67,78,25,12,44,34,40,42,68,31,6,5,75,65,70,30,56,60,22,16,9,51,64,74,32,52,80,73,14,57,48,76,35,3,10,49,46,21,62,58,7,66,19,36,18,1,41,2,20,39,23,71,13,61],[76,12,56,70,9,39,48,64,34,55,27,40,78,44,73,54,46,29,38,18,30,25,28,51,5,60,16,1,68,79,26,13,45,35,41,43,69,32,7,6,14,66,71,31,57,61,23,17,10,52,65,75,33,53,80,74,15,58,49,77,36,4,11,50,47,22,63,59,8,67,20,37,19,2,42,3,21,0,24,72,62],[7,77,13,57,71,10,0,49,65,35,56,28,41,79,45,74,55,47,30,39,19,31,26,29,52,6,61,17,2,69,40,27,14,46,36,42,44,70,33,8,73,15,67,72,32,58,62,24,18,11,53,66,76,34,54,80,75,16,59,50,78,37,5,12,51,48,23,64,60,9,68,21,38,20,3,43,4,22,1,25,63],[9,8,78,14,58,72,11,1,50,66,36,57,29,42,40,46,75,56,48,31,0,20,32,27,30,53,7,62,18,3,70,41,28,15,47,37,43,45,71,34,26,74,16,68,73,33,59,63,25,19,12,54,67,77,35,55,80,76,17,60,51,79,38,6,13,52,49,24,65,61,10,69,22,39,21,4,44,5,23,2,64],[35,10,9,79,15,59,73,12,2,51,67,37,58,30,43,41,47,76,57,49,32,1,21,33,28,31,54,8,63,19,4,71,42,29,16,48,38,44,46,72,3,27,75,17,69,74,34,60,64,26,20,13,55,68,78,36,56,80,77,18,61,52,40,39,7,14,53,50,25,66,62,11,70,23,0,22,5,45,6,24,65],[73,36,11,10,40,16,60,74,13,3,52,68,38,59,31,44,42,48,77,58,50,33,2,22,34,29,32,55,9,64,20,5,72,43,30,17,49,39,45,47,25,4,28,76,18,70,75,35,61,65,27,21,14,56,69,79,37,57,80,78,19,62,53,41,0,8,15,54,51,26,67,63,12,71,24,1,23,6,46,7,66],[48,74,37,12,11,41,17,61,75,14,4,53,69,39,60,32,45,43,49,78,59,51,34,3,23,35,30,33,56,10,65,21,6,73,44,31,18,50,0,46,8,26,5,29,77,19,71,76,36,62,66,28,22,15,57,70,40,38,58,80,79,20,63,54,42,1,9,16,55,52,27,68,64,13,72,25,2,24,7,47,67],[47,49,75,38,13,12,42,18,62,76,15,5,54,70,0,61,33,46,44,50,79,60,52,35,4,24,36,31,34,57,11,66,22,7,74,45,32,19,51,1,48,9,27,6,30,78,20,72,77,37,63,67,29,23,16,58,71,41,39,59,80,40,21,64,55,43,2,10,17,56,53,28,69,65,14,73,26,3,25,8,68],[2,48,50,76,39,14,13,43,19,63,77,16,6,55,71,1,62,34,47,45,51,40,61,53,36,5,25,37,32,35,58,12,67,23,8,75,46,33,20,52,9,49,10,28,7,31,79,21,73,78,38,64,68,30,24,17,59,72,42,0,60,80,41,22,65,56,44,3,11,18,57,54,29,70,66,15,74,27,4,26,69],[53,3,49,51,77,0,15,14,44,20,64,78,17,7,56,72,2,63,35,48,46,52,41,62,54,37,6,26,38,33,36,59,13,68,24,9,76,47,34,21,27,10,50,11,29,8,32,40,22,74,79,39,65,69,31,25,18,60,73,43,1,61,80,42,23,66,57,45,4,12,19,58,55,30,71,67,16,75,28,5,70],[22,54,4,50,52,78,1,16,15,45,21,65,79,18,8,57,73,3,64,36,49,47,53,42,63,55,38,7,27,39,34,37,60,14,69,25,10,77,48,35,6,28,11,51,12,30,9,33,41,23,75,40,0,66,70,32,26,19,61,74,44,2,62,80,43,24,67,58,46,5,13,20,59,56,31,72,68,17,76,29,71],[36,23,55,5,51,53,79,2,17,16,46,22,66,40,19,9,58,74,4,65,37,50,48,54,43,64,56,39,8,28,0,35,38,61,15,70,26,11,78,49,30,7,29,12,52,13,31,10,34,42,24,76,41,1,67,71,33,27,20,62,75,45,3,63,80,44,25,68,59,47,6,14,21,60,57,32,73,69,18,77,72],[50,37,24,56,6,52,54,40,3,18,17,47,23,67,41,20,10,59,75,5,66,38,51,49,55,44,65,57,0,9,29,1,36,39,62,16,71,27,12,79,78,31,8,30,13,53,14,32,11,35,43,25,77,42,2,68,72,34,28,21,63,76,46,4,64,80,45,26,69,60,48,7,15,22,61,58,33,74,70,19,73],[40,51,38,25,57,7,53,55,41,4,19,18,48,24,68,42,21,11,60,76,6,67,39,52,50,56,45,66,58,1,10,30,2,37,0,63,17,72,28,13,20,79,32,9,31,14,54,15,33,12,36,44,26,78,43,3,69,73,35,29,22,64,77,47,5,65,80,46,27,70,61,49,8,16,23,62,59,34,75,71,74],[14,41,52,39,26,58,8,54,56,42,5,20,19,49,25,69,43,22,12,61,77,7,68,0,53,51,57,46,67,59,2,11,31,3,38,1,64,18,73,29,72,21,40,33,10,32,15,55,16,34,13,37,45,27,79,44,4,70,74,36,30,23,65,78,48,6,66,80,47,28,71,62,50,9,17,24,63,60,35,76,75],[30,15,42,53,0,27,59,9,55,57,43,6,21,20,50,26,70,44,23,13,62,78,8,69,1,54,52,58,47,68,60,3,12,32,4,39,2,65,19,74,77,73,22,41,34,11,33,16,56,17,35,14,38,46,28,40,45,5,71,75,37,31,24,66,79,49,7,67,80,48,29,72,63,51,10,18,25,64,61,36,76],[75,31,16,43,54,1,28,60,10,56,58,44,7,22,21,51,27,71,45,24,14,63,79,9,70,2,55,53,59,48,69,61,4,13,33,5,0,3,66,20,37,78,74,23,42,35,12,34,17,57,18,36,15,39,47,29,41,46,6,72,76,38,32,25,67,40,50,8,68,80,49,30,73,64,52,11,19,26,65,62,77],[21,76,32,17,44,55,2,29,61,11,57,59,45,8,23,22,52,28,72,46,25,15,64,40,10,71,3,56,54,60,49,70,62,5,14,34,6,1,4,67,63,38,79,75,24,43,36,13,35,18,58,19,37,16,0,48,30,42,47,7,73,77,39,33,26,68,41,51,9,69,80,50,31,74,65,53,12,20,27,66,78],[68,22,77,33,18,45,56,3,30,62,12,58,60,46,9,24,23,53,29,73,47,26,16,65,41,11,72,4,57,55,61,50,71,63,6,15,35,7,2,5,67,64,39,40,76,25,44,37,14,36,19,59,20,38,17,1,49,31,43,48,8,74,78,0,34,27,69,42,52,10,70,80,51,32,75,66,54,13,21,28,79],[6,69,23,78,34,19,46,57,4,31,63,13,59,61,47,10,25,24,54,30,74,48,27,17,66,42,12,73,5,58,56,62,51,72,64,7,16,36,8,3,29,68,65,0,41,77,26,45,38,15,37,20,60,21,39,18,2,50,32,44,49,9,75,79,1,35,28,70,43,53,11,71,80,52,33,76,67,55,14,22,40],[4,7,70,24,79,35,20,47,58,5,32,64,14,60,62,48,11,26,25,55,31,75,49,28,18,67,43,13,74,6,59,57,63,52,73,65,8,17,37,9,23,30,69,66,1,42,78,27,46,39,16,38,21,61,22,0,19,3,51,33,45,50,10,76,40,2,36,29,71,44,54,12,72,80,53,34,77,68,56,15,41],[10,5,8,71,25,40,36,21,48,59,6,33,65,15,61,63,49,12,27,26,56,32,76,50,29,19,68,44,14,75,7,60,58,64,53,74,66,9,18,38,16,24,31,70,67,2,43,79,28,47,0,17,39,22,62,23,1,20,4,52,34,46,51,11,77,41,3,37,30,72,45,55,13,73,80,54,35,78,69,57,42],[39,11,6,9,72,26,41,37,22,49,60,7,34,66,16,62,64,50,13,28,27,57,33,77,51,30,20,69,45,15,76,8,61,59,65,54,75,67,10,19,58,17,25,32,71,68,3,44,40,29,48,1,18,0,23,63,24,2,21,5,53,35,47,52,12,78,42,4,38,31,73,46,56,14,74,80,55,36,79,70,43],[20,0,12,7,10,73,27,42,38,23,50,61,8,35,67,17,63,65,51,14,29,28,58,34,78,52,31,21,70,46,16,77,9,62,60,66,55,76,68,11,71,59,18,26,33,72,69,4,45,41,30,49,2,19,1,24,64,25,3,22,6,54,36,48,53,13,79,43,5,39,32,74,47,57,15,75,80,56,37,40,44],[12,21,1,13,8,11,74,28,43,39,24,51,62,9,36,68,18,64,66,52,15,30,29,59,35,79,53,32,22,71,47,17,78,10,63,61,67,56,77,69,41,72,60,19,27,34,73,70,5,46,42,31,50,3,20,2,25,65,26,4,23,7,55,37,49,54,14,40,44,6,0,33,75,48,58,16,76,80,57,38,45],[70,13,22,2,14,9,12,75,29,44,0,25,52,63,10,37,69,19,65,67,53,16,31,30,60,36,40,54,33,23,72,48,18,79,11,64,62,68,57,78,39,42,73,61,20,28,35,74,71,6,47,43,32,51,4,21,3,26,66,27,5,24,8,56,38,50,55,15,41,45,7,1,34,76,49,59,17,77,80,58,46],[79,71,14,23,3,15,10,13,76,30,45,1,26,53,64,11,38,70,20,66,68,54,17,32,31,61,37,41,55,34,24,73,49,19,40,12,65,63,69,58,59,0,43,74,62,21,29,36,75,72,7,48,44,33,52,5,22,4,27,67,28,6,25,9,57,39,51,56,16,42,46,8,2,35,77,50,60,18,78,80,47],[59,40,72,15,24,4,16,11,14,77,31,46,2,27,54,65,12,39,71,21,67,69,55,18,33,32,62,38,42,56,35,25,74,50,20,41,13,66,64,70,80,60,1,44,75,63,22,30,37,76,73,8,49,45,34,53,6,23,5,28,68,29,7,26,10,58,0,52,57,17,43,47,9,3,36,78,51,61,19,79,48],[28,29,30,31,32,33,34,35,36,37,38,39,0,1,2,3,4,5,6,7,8,9,10,11,12,13,14,15,16,17,18,19,20,21,22,23,24,25,26,27,68,69,70,71,72,73,74,75,76,77,78,79,40,41,42,43,44,45,46,47,48,49,50,51,52,53,54,55,56,57,58,59,60,61,62,63,64,65,66,67,80]]"

@[equational_result]
theorem facts_from_model81n1 :
  ∃ (G : Type) (_ : Magma G) (_: Finite G), Facts G
  [1, 3, 8, 23, 47, 99, 151, 203, 255, 307, 326, 359, 375, 411, 474, 614, 677, 817, 1020, 1223, 1426, 1629, 1832, 2035, 2238, 2441, 2644, 2847, 3050, 3253, 3319, 3456, 3522, 3659, 3715, 3722, 3862, 3915, 4065, 4118, 4380, 4435, 4470]
  [2, 4, 5, 9, 10, 11, 13, 14, 16, 24, 25, 26, 28, 31, 38, 39, 40, 41, 43, 48, 49, 50, 52, 53, 55, 56, 58, 62, 63, 65, 66, 72, 73, 75, 100, 101, 102, 103, 104, 105, 106, 107, 108, 109, 111, 115, 117, 118, 124, 125, 127, 138, 152, 153, 156, 159, 160, 161, 162, 166, 167, 168, 205, 206, 208, 209, 211, 218, 219, 221, 222, 224, 228, 229, 231, 238, 242, 246, 256, 257, 258, 260, 261, 263, 264, 266, 270, 271, 273, 274, 280, 283, 308, 309, 310, 311, 312, 313, 314, 315, 316, 317, 318, 319, 323, 325, 327, 329, 332, 333, 335, 336, 343, 360, 361, 362, 363, 364, 365, 366, 367, 368, 370, 371, 372, 374, 377, 378, 379, 381, 384, 385, 395, 412, 413, 414, 416, 417, 418, 419, 420, 422, 426, 427, 428, 429, 430, 432, 433, 434, 436, 437, 439, 440, 442, 443, 446, 450, 452, 455, 463, 464, 466, 467, 473, 476, 477, 481, 492, 500, 501, 503, 504, 508, 510, 511, 513, 543, 546, 556, 562, 615, 616, 617, 618, 619, 620, 621, 622, 623, 624, 626, 629, 630, 632, 633, 635, 639, 640, 642, 643, 645, 646, 647, 653, 655, 657, 658, 667, 669, 670, 676, 679, 680, 690, 692, 695, 703, 704, 706, 707, 713, 714, 716, 723, 727, 731, 765, 778, 818, 819, 820, 822, 823, 824, 825, 826, 827, 828, 829, 832, 833, 834, 835, 836, 837, 838, 839, 840, 842, 843, 844, 845, 846, 847, 848, 854, 856, 860, 861, 870, 872, 873, 879, 880, 882, 883, 887, 895, 898, 906, 907, 910, 916, 917, 947, 960, 978, 1021, 1022, 1023, 1025, 1026, 1027, 1028, 1029, 1032, 1033, 1035, 1036, 1037, 1038, 1039, 1041, 1042, 1043, 1045, 1046, 1048, 1049, 1050, 1051, 1052, 1053, 1055, 1056, 1060, 1061, 1063, 1073, 1075, 1076, 1082, 1083, 1085, 1086, 1090, 1096, 1098, 1101, 1109, 1110, 1112, 1113, 1117, 1119, 1122, 1133, 1137, 1152, 1167, 1171, 1184, 1224, 1225, 1226, 1227, 1228, 1229, 1230, 1231, 1232, 1233, 1234, 1235, 1236, 1237, 1238, 1239, 1240, 1241, 1242, 1243, 1244, 1245, 1248, 1249, 1250, 1251, 1252, 1253, 1254, 1255, 1256, 1259, 1262, 1263, 1264, 1267, 1271, 1276, 1278, 1279, 1285, 1286, 1288, 1289, 1312, 1313, 1315, 1316, 1322, 1323, 1325, 1340, 1353, 1368, 1370, 1374, 1387, 1427, 1428, 1429, 1431, 1432, 1434, 1435, 1437, 1441, 1442, 1443, 1444, 1445, 1446, 1447, 1448, 1451, 1453, 1454, 1455, 1456, 1457, 1459, 1461, 1465, 1467, 1469, 1470, 1478, 1479, 1480, 1481, 1482, 1483, 1484, 1485, 1486, 1488, 1489, 1491, 1492, 1496, 1515, 1516, 1518, 1519, 1523, 1525, 1526, 1586, 1630, 1631, 1632, 1633, 1634, 1635, 1636, 1637, 1638, 1641, 1644, 1645, 1647, 1648, 1650, 1654, 1655, 1656, 1657, 1658, 1659, 1660, 1661, 1662, 1664, 1668, 1670, 1672, 1673, 1681, 1682, 1684, 1685, 1687, 1691, 1692, 1694, 1695, 1697, 1701, 1705, 1718, 1719, 1721, 1722, 1724, 1726, 1728, 1729, 1731, 1738, 1793, 1833, 1834, 1835, 1837, 1838, 1839, 1840, 1841, 1843, 1845, 1847, 1848, 1849, 1850, 1851, 1853, 1855, 1857, 1858, 1860, 1861, 1863, 1876, 1884, 1885, 1887, 1888, 1894, 1895, 1897, 1898, 1904, 1921, 1922, 1924, 1925, 1931, 1958, 1975, 2036, 2037, 2038, 2040, 2041, 2043, 2044, 2045, 2046, 2050, 2051, 2052, 2053, 2054, 2055, 2056, 2060, 2061, 2062, 2063, 2064, 2065, 2066, 2068, 2070, 2074, 2076, 2078, 2079, 2087, 2088, 2089, 2090, 2091, 2093, 2097, 2098, 2101, 2115, 2124, 2125, 2126, 2127, 2128, 2132, 2134, 2240, 2241, 2243, 2244, 2246, 2247, 2253, 2254, 2256, 2257, 2259, 2260, 2263, 2264, 2266, 2273, 2277, 2281, 2290, 2291, 2293, 2294, 2296, 2300, 2301, 2303, 2304, 2306, 2310, 2314, 2318, 2327, 2328, 2330, 2337, 2338, 2340, 2347, 2351, 2355, 2364, 2368, 2372, 2381, 2385, 2389, 2398, 2402, 2406, 2415, 2420, 2443, 2444, 2446, 2447, 2449, 2450, 2452, 2456, 2457, 2459, 2460, 2462, 2466, 2467, 2469, 2472, 2484, 2493, 2496, 2497, 2499, 2503, 2504, 2506, 2507, 2513, 2517, 2530, 2531, 2533, 2534, 2536, 2538, 2540, 2541, 2543, 2550, 2554, 2558, 2571, 2584, 2588, 2592, 2609, 2646, 2647, 2649, 2650, 2652, 2653, 2659, 2660, 2662, 2665, 2666, 2669, 2670, 2672, 2675, 2679, 2683, 2687, 2696, 2697, 2699, 2700, 2702, 2706, 2707, 2709, 2710, 2712, 2716, 2724, 2733, 2734, 2736, 2737, 2739, 2743, 2744, 2746, 2778, 2787, 2804, 2808, 2812, 2849, 2850, 2852, 2853, 2855, 2856, 2862, 2863, 2865, 2866, 2868, 2872, 2873, 2875, 2878, 2883, 2886, 2890, 2899, 2900, 2902, 2903, 2909, 2910, 2912, 2919, 2936, 2937, 2939, 2940, 2946, 2947, 2949, 2964, 2973, 2990, 2994, 2998, 3007, 3011, 3051, 3052, 3053, 3055, 3056, 3058, 3059, 3061, 3065, 3066, 3068, 3069, 3071, 3075, 3076, 3078, 3079, 3085, 3089, 3091, 3093, 3102, 3103, 3105, 3106, 3108, 3112, 3113, 3115, 3116, 3122, 3139, 3140, 3142, 3143, 3145, 3149, 3150, 3152, 3161, 3180, 3197, 3201, 3214, 3254, 3255, 3256, 3257, 3258, 3259, 3260, 3261, 3262, 3263, 3264, 3265, 3267, 3268, 3269, 3270, 3271, 3272, 3273, 3274, 3275, 3277, 3278, 3279, 3280, 3281, 3282, 3283, 3284, 3285, 3288, 3290, 3292, 3294, 3296, 3297, 3300, 3306, 3308, 3309, 3312, 3315, 3316, 3317, 3318, 3320, 3321, 3322, 3323, 3326, 3331, 3334, 3342, 3343, 3345, 3346, 3349, 3350, 3352, 3353, 3355, 3363, 3364, 3385, 3388, 3398, 3414, 3417, 3457, 3458, 3459, 3460, 3461, 3462, 3463, 3464, 3465, 3466, 3467, 3468, 3469, 3470, 3471, 3472, 3473, 3474, 3475, 3476, 3477, 3478, 3479, 3480, 3481, 3482, 3483, 3484, 3485, 3487, 3488, 3489, 3491, 3493, 3495, 3496, 3497, 3499, 3503, 3509, 3511, 3512, 3513, 3515, 3518, 3519, 3520, 3521, 3523, 3524, 3525, 3526, 3527, 3529, 3532, 3533, 3534, 3537, 3541, 3545, 3546, 3548, 3549, 3555, 3556, 3558, 3566, 3583, 3587, 3588, 3591, 3600, 3601, 3607, 3617, 3620, 3634, 3660, 3661, 3662, 3663, 3664, 3665, 3666, 3667, 3668, 3669, 3670, 3671, 3672, 3673, 3674, 3675, 3676, 3677, 3678, 3679, 3680, 3681, 3682, 3683, 3684, 3685, 3686, 3687, 3690, 3694, 3696, 3698, 3702, 3703, 3706, 3712, 3714, 3716, 3718, 3721, 3723, 3724, 3725, 3726, 3727, 3728, 3729, 3730, 3732, 3735, 3736, 3737, 3740, 3744, 3748, 3749, 3751, 3752, 3755, 3756, 3759, 3761, 3769, 3770, 3786, 3790, 3794, 3803, 3820, 3823, 3837, 3863, 3864, 3865, 3866, 3867, 3868, 3869, 3870, 3871, 3872, 3873, 3874, 3875, 3876, 3877, 3878, 3879, 3880, 3881, 3882, 3883, 3884, 3885, 3886, 3887, 3888, 3889, 3890, 3891, 3893, 3894, 3895, 3897, 3899, 3901, 3902, 3903, 3905, 3909, 3917, 3918, 3919, 3921, 3924, 3925, 3926, 3927, 3928, 3929, 3930, 3931, 3932, 3933, 3935, 3939, 3940, 3943, 3947, 3951, 3952, 3954, 3955, 3958, 3961, 3962, 3964, 3972, 3973, 3989, 3993, 3994, 3997, 4006, 4007, 4023, 4040, 4066, 4067, 4068, 4069, 4070, 4071, 4072, 4073, 4074, 4075, 4076, 4077, 4078, 4079, 4080, 4081, 4082, 4083, 4084, 4085, 4086, 4087, 4088, 4089, 4090, 4091, 4093, 4094, 4100, 4102, 4104, 4105, 4106, 4108, 4109, 4110, 4112, 4117, 4120, 4121, 4124, 4127, 4128, 4129, 4130, 4131, 4134, 4135, 4138, 4143, 4146, 4154, 4155, 4157, 4158, 4164, 4165, 4167, 4175, 4192, 4200, 4209, 4226, 4268, 4269, 4270, 4271, 4272, 4273, 4274, 4275, 4276, 4277, 4278, 4279, 4280, 4283, 4284, 4286, 4287, 4288, 4290, 4291, 4293, 4295, 4296, 4297, 4299, 4300, 4301, 4303, 4304, 4305, 4314, 4315, 4318, 4320, 4321, 4325, 4327, 4331, 4343, 4358, 4362, 4364, 4369, 4381, 4382, 4383, 4384, 4385, 4386, 4387, 4388, 4389, 4390, 4391, 4392, 4393, 4395, 4396, 4397, 4398, 4399, 4400, 4401, 4402, 4403, 4404, 4405, 4406, 4407, 4408, 4409, 4410, 4411, 4412, 4413, 4415, 4416, 4417, 4420, 4421, 4423, 4424, 4425, 4428, 4430, 4432, 4433, 4434, 4436, 4437, 4438, 4439, 4440, 4441, 4442, 4443, 4444, 4445, 4446, 4447, 4448, 4449, 4450, 4452, 4456, 4457, 4458, 4460, 4461, 4462, 4469, 4471, 4472, 4473, 4474, 4475, 4476, 4477, 4478, 4479, 4480, 4481, 4482, 4483, 4484, 4485, 4486, 4487, 4489, 4490, 4491, 4494, 4495, 4497, 4498, 4499, 4502, 4506, 4507, 4508, 4509, 4510, 4511, 4512, 4513, 4514, 4515, 4516, 4517, 4519, 4520, 4521, 4523, 4524, 4525, 4526, 4527, 4528, 4529, 4530, 4531, 4533, 4535, 4537, 4538, 4541, 4542, 4544, 4546, 4550, 4554, 4559, 4564, 4569, 4574, 4583, 4584, 4585, 4586, 4587, 4588, 4589, 4590, 4591, 4592, 4593, 4594, 4595, 4598, 4599, 4601, 4602, 4603, 4605, 4606, 4608, 4610, 4611, 4612, 4614, 4615, 4616, 4619, 4620, 4629, 4630, 4633, 4635, 4636, 4637, 4640, 4642, 4646, 4658, 4673, 4677, 4679, 4684]
  :=
  ⟨_, Magma.mk model81n1_op, Finite.of_fintype _, by decideFin!⟩

