import equational_theories.Equations.All
import equational_theories.FactsSyntax
import equational_theories.MemoFinOp
import equational_theories.DecideBang
import Mathlib.Data.Finite.Prod

private def model71n3_op := finOpTable "[[0,70,48,24,67,29,36,63,26,12,7,52,64,40,21,65,58,39,8,38,11,31,4,55,16,6,30,45,51,66,10,19,37,17,69,68,35,2,50,44,41,54,28,33,1,15,25,56,20,57,27,18,5,3,34,61,49,53,60,13,47,46,23,42,59,14,32,43,62,9,22],[35,1,70,49,25,68,30,37,64,27,13,8,53,65,41,22,66,59,40,9,39,12,32,5,56,17,7,31,46,52,67,11,20,38,18,10,69,36,3,51,45,42,55,29,34,2,16,26,57,21,58,28,19,6,4,0,62,50,54,61,14,48,47,24,43,60,15,33,44,63,23],[19,36,2,70,50,26,69,31,38,65,28,14,9,54,66,42,23,67,60,41,10,40,13,33,6,57,18,8,32,47,53,68,12,21,39,64,11,35,37,4,52,46,43,56,30,0,3,17,27,58,22,59,29,20,7,5,1,63,51,55,62,15,49,48,25,44,61,16,34,45,24],[40,20,37,3,70,51,27,35,32,39,66,29,15,10,55,67,43,24,68,61,42,11,41,14,34,7,58,19,9,33,48,54,69,13,22,46,65,12,36,38,5,53,47,44,57,31,1,4,18,28,59,23,60,30,21,8,6,2,64,52,56,63,16,50,49,26,45,62,17,0,25],[23,41,21,38,4,70,52,28,36,33,40,67,30,16,11,56,68,44,25,69,62,43,12,42,15,0,8,59,20,10,34,49,55,35,14,1,47,66,13,37,39,6,54,48,45,58,32,2,5,19,29,60,24,61,31,22,9,7,3,65,53,57,64,17,51,50,27,46,63,18,26],[15,24,42,22,39,5,70,53,29,37,34,41,68,31,17,12,57,69,45,26,35,63,44,13,43,16,1,9,60,21,11,0,50,56,36,19,2,48,67,14,38,40,7,55,49,46,59,33,3,6,20,30,61,25,62,32,23,10,8,4,66,54,58,65,18,52,51,28,47,64,27],[37,16,25,43,23,40,6,70,54,30,38,0,42,69,32,18,13,58,35,46,27,36,64,45,14,44,17,2,10,61,22,12,1,51,57,65,20,3,49,68,15,39,41,8,56,50,47,60,34,4,7,21,31,62,26,63,33,24,11,9,5,67,55,59,66,19,53,52,29,48,28],[58,38,17,26,44,24,41,7,70,55,31,39,1,43,35,33,19,14,59,36,47,28,37,65,46,15,45,18,3,11,62,23,13,2,52,49,66,21,4,50,69,16,40,42,9,57,51,48,61,0,5,8,22,32,63,27,64,34,25,12,10,6,68,56,60,67,20,54,53,30,29],[53,59,39,18,27,45,25,42,8,70,56,32,40,2,44,36,34,20,15,60,37,48,29,38,66,47,16,46,19,4,12,63,24,14,3,31,50,67,22,5,51,35,17,41,43,10,58,52,49,62,1,6,9,23,33,64,28,65,0,26,13,11,7,69,57,61,68,21,55,54,30],[4,54,60,40,19,28,46,26,43,9,70,57,33,41,3,45,37,0,21,16,61,38,49,30,39,67,48,17,47,20,5,13,64,25,15,55,32,51,68,23,6,52,36,18,42,44,11,59,53,50,63,2,7,10,24,34,65,29,66,1,27,14,12,8,35,58,62,69,22,56,31],[16,5,55,61,41,20,29,47,27,44,10,70,58,34,42,4,46,38,1,22,17,62,39,50,31,40,68,49,18,48,21,6,14,65,26,57,56,33,52,69,24,7,53,37,19,43,45,12,60,54,51,64,3,8,11,25,0,66,30,67,2,28,15,13,9,36,59,63,35,23,32],[27,17,6,56,62,42,21,30,48,28,45,11,70,59,0,43,5,47,39,2,23,18,63,40,51,32,41,69,50,19,49,22,7,15,66,24,58,57,34,53,35,25,8,54,38,20,44,46,13,61,55,52,65,4,9,12,26,1,67,31,68,3,29,16,14,10,37,60,64,36,33],[67,28,18,7,57,63,43,22,31,49,29,46,12,70,60,1,44,6,48,40,3,24,19,64,41,52,33,42,35,51,20,50,23,8,16,37,25,59,58,0,54,36,26,9,55,39,21,45,47,14,62,56,53,66,5,10,13,27,2,68,32,69,4,30,17,15,11,38,61,65,34],[17,68,29,19,8,58,64,44,23,32,50,30,47,13,70,61,2,45,7,49,41,4,25,20,65,42,53,34,43,36,52,21,51,24,9,66,38,26,60,59,1,55,37,27,10,56,40,22,46,48,15,63,57,54,67,6,11,14,28,3,69,33,35,5,31,18,16,12,39,62,0],[10,18,69,30,20,9,59,65,45,24,33,51,31,48,14,70,62,3,46,8,50,42,5,26,21,66,43,54,0,44,37,53,22,52,25,63,67,39,27,61,60,2,56,38,28,11,57,41,23,47,49,16,64,58,55,68,7,12,15,29,4,35,34,36,6,32,19,17,13,40,1],[26,11,19,35,31,21,10,60,66,46,25,34,52,32,49,15,70,63,4,47,9,51,43,6,27,22,67,44,55,1,45,38,54,23,53,41,64,68,40,28,62,61,3,57,39,29,12,58,42,24,48,50,17,65,59,56,69,8,13,16,30,5,36,0,37,7,33,20,18,14,2],[54,27,12,20,36,32,22,11,61,67,47,26,0,53,33,50,16,70,64,5,48,10,52,44,7,28,23,68,45,56,2,46,39,55,24,15,42,65,69,41,29,63,62,4,58,40,30,13,59,43,25,49,51,18,66,60,57,35,9,14,17,31,6,37,1,38,8,34,21,19,3],[25,55,28,13,21,37,33,23,12,62,68,48,27,1,54,34,51,17,70,65,6,49,11,53,45,8,29,24,69,46,57,3,47,40,56,20,16,43,66,35,42,30,64,63,5,59,41,31,14,60,44,26,50,52,19,67,61,58,36,10,15,18,32,7,38,2,39,9,0,22,4],[57,26,56,29,14,22,38,34,24,13,63,69,49,28,2,55,0,52,18,70,66,7,50,12,54,46,9,30,25,35,47,58,4,48,41,23,21,17,44,67,36,43,31,65,64,6,60,42,32,15,61,45,27,51,53,20,68,62,59,37,11,16,19,33,8,39,3,40,10,1,5],[42,58,27,57,30,15,23,39,0,25,14,64,35,50,29,3,56,1,53,19,70,67,8,51,13,55,47,10,31,26,36,48,59,5,49,2,24,22,18,45,68,37,44,32,66,65,7,61,43,33,16,62,46,28,52,54,21,69,63,60,38,12,17,20,34,9,40,4,41,11,6],[50,43,59,28,58,31,16,24,40,1,26,15,65,36,51,30,4,57,2,54,20,70,68,9,52,14,56,48,11,32,27,37,49,60,6,12,3,25,23,19,46,69,38,45,33,67,66,8,62,44,34,17,63,47,29,53,55,22,35,64,61,39,13,18,21,0,10,41,5,42,7],[7,51,44,60,29,59,32,17,25,41,2,27,16,66,37,52,31,5,58,3,55,21,70,69,10,53,15,57,49,12,33,28,38,50,61,43,13,4,26,24,20,47,35,39,46,34,68,67,9,63,45,0,18,64,48,30,54,56,23,36,65,62,40,14,19,22,1,11,42,6,8],[62,8,52,45,61,30,60,33,18,26,42,3,28,17,67,38,53,32,6,59,4,56,22,70,35,11,54,16,58,50,13,34,29,39,51,7,44,14,5,27,25,21,48,36,40,47,0,69,68,10,64,46,1,19,65,49,31,55,57,24,37,66,63,41,15,20,23,2,12,43,9],[52,63,9,53,46,62,31,61,34,19,27,43,4,29,18,68,39,54,33,7,60,5,57,23,70,36,12,55,17,59,51,14,0,30,40,44,8,45,15,6,28,26,22,49,37,41,48,1,35,69,11,65,47,2,20,66,50,32,56,58,25,38,67,64,42,16,21,24,3,13,10],[41,53,64,10,54,47,63,32,62,0,20,28,44,5,30,19,69,40,55,34,8,61,6,58,24,70,37,13,56,18,60,52,15,1,31,14,45,9,46,16,7,29,27,23,50,38,42,49,2,36,35,12,66,48,3,21,67,51,33,57,59,26,39,68,65,43,17,22,25,4,11],[32,42,54,65,11,55,48,64,33,63,1,21,29,45,6,31,20,35,41,56,0,9,62,7,59,25,70,38,14,57,19,61,53,16,2,5,15,46,10,47,17,8,30,28,24,51,39,43,50,3,37,36,13,67,49,4,22,68,52,34,58,60,27,40,69,66,44,18,23,26,12],[3,33,43,55,66,12,56,49,65,34,64,2,22,30,46,7,32,21,36,42,57,1,10,63,8,60,26,70,39,15,58,20,62,54,17,27,6,16,47,11,48,18,9,31,29,25,52,40,44,51,4,38,37,14,68,50,5,23,69,53,0,59,61,28,41,35,67,45,19,24,13],[18,4,34,44,56,67,13,57,50,66,0,65,3,23,31,47,8,33,22,37,43,58,2,11,64,9,61,27,70,40,16,59,21,63,55,25,28,7,17,48,12,49,19,10,32,30,26,53,41,45,52,5,39,38,15,69,51,6,24,35,54,1,60,62,29,42,36,68,46,20,14],[56,19,5,0,45,57,68,14,58,51,67,1,66,4,24,32,48,9,34,23,38,44,59,3,12,65,10,62,28,70,41,17,60,22,64,21,26,29,8,18,49,13,50,20,11,33,31,27,54,42,46,53,6,40,39,16,35,52,7,25,36,55,2,61,63,30,43,37,69,47,15],[65,57,20,6,1,46,58,69,15,59,52,68,2,67,5,25,33,49,10,0,24,39,45,60,4,13,66,11,63,29,70,42,18,61,23,48,22,27,30,9,19,50,14,51,21,12,34,32,28,55,43,47,54,7,41,40,17,36,53,8,26,37,56,3,62,64,31,44,38,35,16],[24,66,58,21,7,2,47,59,35,16,60,53,69,3,68,6,26,34,50,11,1,25,40,46,61,5,14,67,12,64,30,70,43,19,62,36,49,23,28,31,10,20,51,15,52,22,13,0,33,29,56,44,48,55,8,42,41,18,37,54,9,27,38,57,4,63,65,32,45,39,17],[63,25,67,59,22,8,3,48,60,36,17,61,54,35,4,69,7,27,0,51,12,2,26,41,47,62,6,15,68,13,65,31,70,44,20,40,37,50,24,29,32,11,21,52,16,53,23,14,1,34,30,57,45,49,56,9,43,42,19,38,55,10,28,39,58,5,64,66,33,46,18],[21,64,26,68,60,23,9,4,49,61,37,18,62,55,36,5,35,8,28,1,52,13,3,27,42,48,63,7,16,69,14,66,32,70,45,47,41,38,51,25,30,33,12,22,53,17,54,24,15,2,0,31,58,46,50,57,10,44,43,20,39,56,11,29,40,59,6,65,67,34,19],[46,22,65,27,69,61,24,10,5,50,62,38,19,63,56,37,6,36,9,29,2,53,14,4,28,43,49,64,8,17,35,15,67,33,70,0,48,42,39,52,26,31,34,13,23,54,18,55,25,16,3,1,32,59,47,51,58,11,45,44,21,40,57,12,30,41,60,7,66,68,20],[70,47,23,66,28,35,62,25,11,6,51,63,39,20,64,57,38,7,37,10,30,3,54,15,5,29,44,50,65,9,18,36,16,68,34,69,1,49,43,40,53,27,32,0,14,24,55,19,56,26,17,4,2,33,60,48,52,59,12,46,45,22,41,58,13,31,42,61,8,67,21],[48,23,22,58,18,0,49,67,19,3,44,9,11,37,26,20,17,30,63,68,36,50,60,32,55,33,62,53,40,38,69,2,25,29,1,35,70,24,59,8,64,12,4,61,47,42,28,5,16,56,6,34,15,43,14,46,66,39,31,51,41,65,21,27,7,45,54,13,52,10,57],[2,49,24,23,59,19,1,50,68,20,4,45,10,12,38,27,21,18,31,64,69,37,51,61,33,56,34,63,54,41,39,35,3,26,30,11,36,70,25,60,9,65,13,5,62,48,43,29,6,17,57,7,0,16,44,15,47,67,40,32,52,42,66,22,28,8,46,55,14,53,58],[31,3,50,25,24,60,20,2,51,69,21,5,46,11,13,39,28,22,19,32,65,35,38,52,62,34,57,0,64,55,42,40,36,4,27,54,12,37,70,26,61,10,66,14,6,63,49,44,30,7,18,58,8,1,17,45,16,48,68,41,33,53,43,67,23,29,9,47,56,15,59],[28,32,4,51,26,25,61,21,3,52,35,22,6,47,12,14,40,29,23,20,33,66,36,39,53,63,0,58,1,65,56,43,41,37,5,16,55,13,38,70,27,62,11,67,15,7,64,50,45,31,8,19,59,9,2,18,46,17,49,69,42,34,54,44,68,24,30,10,48,57,60],[6,29,33,5,52,27,26,62,22,4,53,36,23,7,48,13,15,41,30,24,21,34,67,37,40,54,64,1,59,2,66,57,44,42,38,58,17,56,14,39,70,28,63,12,68,16,8,65,51,46,32,9,20,60,10,3,19,47,18,50,35,43,0,55,45,69,25,31,11,49,61],[39,7,30,34,6,53,28,27,63,23,5,54,37,24,8,49,14,16,42,31,25,22,0,68,38,41,55,65,2,60,3,67,58,45,43,50,59,18,57,15,40,70,29,64,13,69,17,9,66,52,47,33,10,21,61,11,4,20,48,19,51,36,44,1,56,46,35,26,32,12,62],[44,40,8,31,0,7,54,29,28,64,24,6,55,38,25,9,50,15,17,43,32,26,23,1,69,39,42,56,66,3,61,4,68,59,46,13,51,60,19,58,16,41,70,30,65,14,35,18,10,67,53,48,34,11,22,62,12,5,21,49,20,52,37,45,2,57,47,36,27,33,63],[47,45,41,9,32,1,8,55,30,29,65,25,7,56,39,26,10,51,16,18,44,33,27,24,2,35,40,43,57,67,4,62,5,69,60,34,14,52,61,20,59,17,42,70,31,66,15,36,19,11,68,54,49,0,12,23,63,13,6,22,50,21,53,38,46,3,58,48,37,28,64],[61,48,46,42,10,33,2,9,56,31,30,66,26,8,57,40,27,11,52,17,19,45,34,28,25,3,36,41,44,58,68,5,63,6,35,29,0,15,53,62,21,60,18,43,70,32,67,16,37,20,12,69,55,50,1,13,24,64,14,7,23,51,22,54,39,47,4,59,49,38,65],[36,62,49,47,43,11,34,3,10,57,32,31,67,27,9,58,41,28,12,53,18,20,46,0,29,26,4,37,42,45,59,69,6,64,7,39,30,1,16,54,63,22,61,19,44,70,33,68,17,38,21,13,35,56,51,2,14,25,65,15,8,24,52,23,55,40,48,5,60,50,66],[8,37,63,50,48,44,12,0,4,11,58,33,32,68,28,10,59,42,29,13,54,19,21,47,1,30,27,5,38,43,46,60,35,7,65,51,40,31,2,17,55,64,23,62,20,45,70,34,69,18,39,22,14,36,57,52,3,15,26,66,16,9,25,53,24,56,41,49,6,61,67],[66,9,38,64,51,49,45,13,1,5,12,59,34,33,69,29,11,60,43,30,14,55,20,22,48,2,31,28,6,39,44,47,61,36,8,62,52,41,32,3,18,56,65,24,63,21,46,70,0,35,19,40,23,15,37,58,53,4,16,27,67,17,10,26,54,25,57,42,50,7,68],[9,67,10,39,65,52,50,46,14,2,6,13,60,0,34,35,30,12,61,44,31,15,56,21,23,49,3,32,29,7,40,45,48,62,37,8,63,53,42,33,4,19,57,66,25,64,22,47,70,1,36,20,41,24,16,38,59,54,5,17,28,68,18,11,27,55,26,58,43,51,69],[38,10,68,11,40,66,53,51,47,15,3,7,14,61,1,0,36,31,13,62,45,32,16,57,22,24,50,4,33,30,8,41,46,49,63,52,9,64,54,43,34,5,20,58,67,26,65,23,48,70,2,37,21,42,25,17,39,60,55,6,18,29,69,19,12,28,56,27,59,44,35],[64,39,11,69,12,41,67,54,52,48,16,4,8,15,62,2,1,37,32,14,63,46,33,17,58,23,25,51,5,34,31,9,42,47,50,45,53,10,65,55,44,0,6,21,59,68,27,66,24,49,70,3,38,22,43,26,18,40,61,56,7,19,30,35,20,13,29,57,28,60,36],[51,65,40,12,35,13,42,68,55,53,49,17,5,9,16,63,3,2,38,33,15,64,47,34,18,59,24,26,52,6,0,32,10,43,48,61,46,54,11,66,56,45,1,7,22,60,69,28,67,25,50,70,4,39,23,44,27,19,41,62,57,8,20,31,36,21,14,30,58,29,37],[49,52,66,41,13,36,14,43,69,56,54,50,18,6,10,17,64,4,3,39,34,16,65,48,0,19,60,25,27,53,7,1,33,11,44,30,62,47,55,12,67,57,46,2,8,23,61,35,29,68,26,51,70,5,40,24,45,28,20,42,63,58,9,21,32,37,22,15,31,59,38],[45,50,53,67,42,14,37,15,44,35,57,55,51,19,7,11,18,65,5,4,40,0,17,66,49,1,20,61,26,28,54,8,2,34,12,60,31,63,48,56,13,68,58,47,3,9,24,62,36,30,69,27,52,70,6,41,25,46,29,21,43,64,59,10,22,33,38,23,16,32,39],[13,46,51,54,68,43,15,38,16,45,36,58,56,52,20,8,12,19,66,6,5,41,1,18,67,50,2,21,62,27,29,55,9,3,0,33,61,32,64,49,57,14,69,59,48,4,10,25,63,37,31,35,28,53,70,7,42,26,47,30,22,44,65,60,11,23,34,39,24,17,40],[1,14,47,52,55,69,44,16,39,17,46,37,59,57,53,21,9,13,20,67,7,6,42,2,19,68,51,3,22,63,28,30,56,10,4,18,34,62,33,65,50,58,15,35,60,49,5,11,26,64,38,32,36,29,54,70,8,43,27,48,31,23,45,66,61,12,24,0,40,25,41],[5,2,15,48,53,56,35,45,17,40,18,47,38,60,58,54,22,10,14,21,68,8,7,43,3,20,69,52,4,23,64,29,31,57,11,26,19,0,63,34,66,51,59,16,36,61,50,6,12,27,65,39,33,37,30,55,70,9,44,28,49,32,24,46,67,62,13,25,1,41,42],[12,6,3,16,49,54,57,36,46,18,41,19,48,39,61,59,55,23,11,15,22,69,9,8,44,4,21,35,53,5,24,65,30,32,58,42,27,20,1,64,0,67,52,60,17,37,62,51,7,13,28,66,40,34,38,31,56,70,10,45,29,50,33,25,47,68,63,14,26,2,43],[59,13,7,4,17,50,55,58,37,47,19,42,20,49,40,62,60,56,24,12,16,23,35,10,9,45,5,22,36,54,6,25,66,31,33,3,43,28,21,2,65,1,68,53,61,18,38,63,52,8,14,29,67,41,0,39,32,57,70,11,46,30,51,34,26,48,69,64,15,27,44],[34,60,14,8,5,18,51,56,59,38,48,20,43,21,50,41,63,61,57,25,13,17,24,36,11,10,46,6,23,37,55,7,26,67,32,28,4,44,29,22,3,66,2,69,54,62,19,39,64,53,9,15,30,68,42,1,40,33,58,70,12,47,31,52,0,27,49,35,65,16,45],[33,0,61,15,9,6,19,52,57,60,39,49,21,44,22,51,42,64,62,58,26,14,18,25,37,12,11,47,7,24,38,56,8,27,68,17,29,5,45,30,23,4,67,3,35,55,63,20,40,65,54,10,16,31,69,43,2,41,34,59,70,13,48,32,53,1,28,50,36,66,46],[69,34,1,62,16,10,7,20,53,58,61,40,50,22,45,23,52,43,65,63,59,27,15,19,26,38,13,12,48,8,25,39,57,9,28,67,18,30,6,46,31,24,5,68,4,36,56,64,21,41,66,55,11,17,32,35,44,3,42,0,60,70,14,49,33,54,2,29,51,37,47],[29,35,0,2,63,17,11,8,21,54,59,62,41,51,23,46,24,53,44,66,64,60,28,16,20,27,39,14,13,49,9,26,40,58,10,38,68,19,31,7,47,32,25,6,69,5,37,57,65,22,42,67,56,12,18,33,36,45,4,43,1,61,70,15,50,34,55,3,30,52,48],[11,30,36,1,3,64,18,12,9,22,55,60,63,42,52,24,47,25,54,45,67,65,61,29,17,21,28,40,15,14,50,10,27,41,59,53,39,69,20,32,8,48,33,26,7,35,6,38,58,66,23,43,68,57,13,19,34,37,46,5,44,2,62,70,16,51,0,56,4,31,49],[60,12,31,37,2,4,65,19,13,10,23,56,61,64,43,53,25,48,26,55,46,68,66,62,30,18,22,29,41,16,15,51,11,28,42,32,54,40,35,21,33,9,49,34,27,8,36,7,39,59,67,24,44,69,58,14,20,0,38,47,6,45,3,63,70,17,52,1,57,5,50],[43,61,13,32,38,3,5,66,20,14,11,24,57,62,65,44,54,26,49,27,56,47,69,67,63,31,19,23,30,42,17,16,52,12,29,6,33,55,41,36,22,34,10,50,0,28,9,37,8,40,60,68,25,45,35,59,15,21,1,39,48,7,46,4,64,70,18,53,2,58,51],[30,44,62,14,33,39,4,6,67,21,15,12,25,58,63,66,45,55,27,50,28,57,48,35,68,64,32,20,24,31,43,18,17,53,13,59,7,34,56,42,37,23,0,11,51,1,29,10,38,9,41,61,69,26,46,36,60,16,22,2,40,49,8,47,5,65,70,19,54,3,52],[14,31,45,63,15,34,40,5,7,68,22,16,13,26,59,64,67,46,56,28,51,29,58,49,36,69,65,33,21,25,32,44,19,18,54,4,60,8,0,57,43,38,24,1,12,52,2,30,11,39,10,42,62,35,27,47,37,61,17,23,3,41,50,9,48,6,66,70,20,55,53],[55,15,32,46,64,16,0,41,6,8,69,23,17,14,27,60,65,68,47,57,29,52,30,59,50,37,35,66,34,22,26,33,45,20,19,56,5,61,9,1,58,44,39,25,2,13,53,3,31,12,40,11,43,63,36,28,48,38,62,18,24,4,42,51,10,49,7,67,70,21,54],[20,56,16,33,47,65,17,1,42,7,9,35,24,18,15,28,61,66,69,48,58,30,53,31,60,51,38,36,67,0,23,27,34,46,21,22,57,6,62,10,2,59,45,40,26,3,14,54,4,32,13,41,12,44,64,37,29,49,39,63,19,25,5,43,52,11,50,8,68,70,55],[22,21,57,17,34,48,66,18,2,43,8,10,36,25,19,16,29,62,67,35,49,59,31,54,32,61,52,39,37,68,1,24,28,0,47,70,23,58,7,63,11,3,60,46,41,27,4,15,55,5,33,14,42,13,45,65,38,30,50,40,64,20,26,6,44,53,12,51,9,69,56],[68,69,35,36,37,38,39,40,41,42,43,44,45,46,47,48,49,50,51,52,53,54,55,56,57,58,59,60,61,62,63,64,65,66,67,9,10,11,12,13,14,15,16,17,18,19,20,21,22,23,24,25,26,27,28,29,30,31,32,33,34,0,1,2,3,4,5,6,7,8,70]]"

@[equational_result]
theorem facts_from_model71n3 :
  ∃ (G : Type) (_ : Magma G) (_: Finite G), Facts G
  [1, 3, 8, 23, 47, 99, 151, 203, 255, 307, 326, 359, 375, 411, 474, 614, 677, 817, 1020, 1223, 1426, 1629, 1832, 2035, 2238, 2441, 2644, 2847, 3050, 3253, 3319, 3456, 3522, 3659, 3715, 3722, 3862, 3915, 4065, 4118, 4380, 4435, 4470]
  [2, 4, 5, 9, 10, 11, 13, 14, 16, 24, 25, 26, 28, 31, 38, 39, 40, 41, 43, 48, 49, 50, 52, 53, 55, 56, 58, 62, 63, 65, 66, 72, 73, 75, 100, 101, 102, 103, 104, 105, 106, 107, 108, 109, 111, 115, 117, 118, 124, 125, 127, 138, 152, 153, 156, 159, 160, 161, 162, 166, 167, 168, 205, 206, 208, 209, 211, 218, 219, 221, 222, 224, 228, 229, 231, 238, 242, 246, 256, 257, 258, 260, 261, 263, 264, 266, 270, 271, 273, 274, 280, 283, 308, 309, 310, 311, 312, 313, 314, 315, 316, 317, 318, 319, 323, 325, 327, 329, 332, 333, 335, 336, 343, 360, 361, 362, 363, 364, 365, 366, 367, 368, 370, 371, 372, 374, 377, 378, 379, 381, 384, 385, 395, 412, 413, 414, 416, 417, 418, 419, 420, 422, 426, 427, 428, 429, 430, 432, 433, 434, 436, 437, 439, 440, 442, 443, 446, 450, 452, 455, 463, 464, 466, 467, 473, 476, 477, 481, 492, 500, 501, 503, 504, 508, 510, 511, 513, 543, 546, 556, 562, 615, 616, 617, 618, 619, 620, 621, 622, 623, 624, 626, 629, 630, 632, 633, 635, 639, 640, 642, 643, 645, 646, 647, 653, 655, 657, 658, 667, 669, 670, 676, 679, 680, 690, 692, 695, 703, 704, 706, 707, 713, 714, 716, 723, 727, 731, 765, 778, 818, 819, 820, 822, 823, 824, 825, 826, 827, 828, 829, 832, 833, 834, 835, 836, 837, 838, 839, 840, 842, 843, 844, 845, 846, 847, 848, 854, 856, 860, 861, 870, 872, 873, 879, 880, 882, 883, 887, 895, 898, 906, 907, 910, 916, 917, 947, 960, 978, 1021, 1022, 1023, 1025, 1026, 1027, 1028, 1029, 1032, 1033, 1035, 1036, 1037, 1038, 1039, 1041, 1042, 1043, 1045, 1046, 1048, 1049, 1050, 1051, 1052, 1053, 1055, 1056, 1060, 1061, 1063, 1073, 1075, 1076, 1082, 1083, 1085, 1086, 1090, 1096, 1098, 1101, 1109, 1110, 1112, 1113, 1117, 1119, 1122, 1133, 1137, 1152, 1167, 1171, 1184, 1224, 1225, 1226, 1227, 1228, 1229, 1230, 1231, 1232, 1233, 1234, 1235, 1236, 1237, 1238, 1239, 1240, 1241, 1242, 1243, 1244, 1245, 1248, 1249, 1250, 1251, 1252, 1253, 1254, 1255, 1256, 1259, 1262, 1263, 1264, 1267, 1271, 1276, 1278, 1279, 1285, 1286, 1288, 1289, 1312, 1313, 1315, 1316, 1322, 1323, 1325, 1340, 1353, 1368, 1370, 1374, 1387, 1427, 1428, 1429, 1431, 1432, 1434, 1435, 1437, 1441, 1442, 1443, 1444, 1445, 1446, 1447, 1448, 1451, 1453, 1454, 1455, 1456, 1457, 1459, 1461, 1465, 1467, 1469, 1470, 1478, 1479, 1480, 1481, 1482, 1483, 1484, 1485, 1486, 1488, 1489, 1491, 1492, 1496, 1515, 1516, 1518, 1519, 1523, 1525, 1526, 1586, 1630, 1631, 1632, 1633, 1634, 1635, 1636, 1637, 1638, 1641, 1644, 1645, 1647, 1648, 1650, 1654, 1655, 1656, 1657, 1658, 1659, 1660, 1661, 1662, 1664, 1668, 1670, 1672, 1673, 1681, 1682, 1684, 1685, 1687, 1691, 1692, 1694, 1695, 1697, 1701, 1705, 1718, 1719, 1721, 1722, 1724, 1726, 1728, 1729, 1731, 1738, 1793, 1833, 1834, 1835, 1837, 1838, 1839, 1840, 1841, 1843, 1845, 1847, 1848, 1849, 1850, 1851, 1853, 1855, 1857, 1858, 1860, 1861, 1863, 1876, 1884, 1885, 1887, 1888, 1894, 1895, 1897, 1898, 1904, 1921, 1922, 1924, 1925, 1931, 1958, 1975, 2036, 2037, 2038, 2040, 2041, 2043, 2044, 2045, 2046, 2050, 2051, 2052, 2053, 2054, 2055, 2056, 2060, 2061, 2062, 2063, 2064, 2065, 2066, 2068, 2070, 2074, 2076, 2078, 2079, 2087, 2088, 2089, 2090, 2091, 2093, 2097, 2098, 2101, 2115, 2124, 2125, 2126, 2127, 2128, 2132, 2134, 2240, 2241, 2243, 2244, 2246, 2247, 2253, 2254, 2256, 2257, 2259, 2260, 2263, 2264, 2266, 2273, 2277, 2281, 2290, 2291, 2293, 2294, 2296, 2300, 2301, 2303, 2304, 2306, 2310, 2314, 2318, 2327, 2328, 2330, 2337, 2338, 2340, 2347, 2351, 2355, 2364, 2368, 2372, 2381, 2385, 2389, 2398, 2402, 2406, 2415, 2420, 2443, 2444, 2446, 2447, 2449, 2450, 2452, 2456, 2457, 2459, 2460, 2462, 2466, 2467, 2469, 2472, 2484, 2493, 2496, 2497, 2499, 2503, 2504, 2506, 2507, 2513, 2517, 2530, 2531, 2533, 2534, 2536, 2538, 2540, 2541, 2543, 2550, 2554, 2558, 2571, 2584, 2588, 2592, 2609, 2646, 2647, 2649, 2650, 2652, 2653, 2659, 2660, 2662, 2665, 2666, 2669, 2670, 2672, 2675, 2679, 2683, 2687, 2696, 2697, 2699, 2700, 2702, 2706, 2707, 2709, 2710, 2712, 2716, 2724, 2733, 2734, 2736, 2737, 2739, 2743, 2744, 2746, 2778, 2787, 2804, 2808, 2812, 2849, 2850, 2852, 2853, 2855, 2856, 2862, 2863, 2865, 2866, 2868, 2872, 2873, 2875, 2878, 2883, 2886, 2890, 2899, 2900, 2902, 2903, 2909, 2910, 2912, 2919, 2936, 2937, 2939, 2940, 2946, 2947, 2949, 2964, 2973, 2990, 2994, 2998, 3007, 3011, 3051, 3052, 3053, 3055, 3056, 3058, 3059, 3061, 3065, 3066, 3068, 3069, 3071, 3075, 3076, 3078, 3079, 3085, 3089, 3091, 3093, 3102, 3103, 3105, 3106, 3108, 3112, 3113, 3115, 3116, 3122, 3139, 3140, 3142, 3143, 3145, 3149, 3150, 3152, 3161, 3180, 3197, 3201, 3214, 3254, 3255, 3256, 3257, 3258, 3259, 3260, 3261, 3262, 3263, 3264, 3265, 3267, 3268, 3269, 3270, 3271, 3272, 3273, 3274, 3275, 3277, 3278, 3279, 3280, 3281, 3282, 3283, 3284, 3285, 3288, 3290, 3292, 3294, 3296, 3297, 3300, 3306, 3308, 3309, 3312, 3315, 3316, 3317, 3318, 3320, 3321, 3322, 3323, 3326, 3331, 3334, 3342, 3343, 3345, 3346, 3349, 3350, 3352, 3353, 3355, 3363, 3364, 3385, 3388, 3398, 3414, 3417, 3457, 3458, 3459, 3460, 3461, 3462, 3463, 3464, 3465, 3466, 3467, 3468, 3469, 3470, 3471, 3472, 3473, 3474, 3475, 3476, 3477, 3478, 3479, 3480, 3481, 3482, 3483, 3484, 3485, 3487, 3488, 3489, 3491, 3493, 3495, 3496, 3497, 3499, 3503, 3509, 3511, 3512, 3513, 3515, 3518, 3519, 3520, 3521, 3523, 3524, 3525, 3526, 3527, 3529, 3532, 3533, 3534, 3537, 3541, 3545, 3546, 3548, 3549, 3555, 3556, 3558, 3566, 3583, 3587, 3588, 3591, 3600, 3601, 3607, 3617, 3620, 3634, 3660, 3661, 3662, 3663, 3664, 3665, 3666, 3667, 3668, 3669, 3670, 3671, 3672, 3673, 3674, 3675, 3676, 3677, 3678, 3679, 3680, 3681, 3682, 3683, 3684, 3685, 3686, 3687, 3690, 3694, 3696, 3698, 3702, 3703, 3706, 3712, 3714, 3716, 3718, 3721, 3723, 3724, 3725, 3726, 3727, 3728, 3729, 3730, 3732, 3735, 3736, 3737, 3740, 3744, 3748, 3749, 3751, 3752, 3755, 3756, 3759, 3761, 3769, 3770, 3786, 3790, 3794, 3803, 3820, 3823, 3837, 3863, 3864, 3865, 3866, 3867, 3868, 3869, 3870, 3871, 3872, 3873, 3874, 3875, 3876, 3877, 3878, 3879, 3880, 3881, 3882, 3883, 3884, 3885, 3886, 3887, 3888, 3889, 3890, 3891, 3893, 3894, 3895, 3897, 3899, 3901, 3902, 3903, 3905, 3909, 3917, 3918, 3919, 3921, 3924, 3925, 3926, 3927, 3928, 3929, 3930, 3931, 3932, 3933, 3935, 3939, 3940, 3943, 3947, 3951, 3952, 3954, 3955, 3958, 3961, 3962, 3964, 3972, 3973, 3989, 3993, 3994, 3997, 4006, 4007, 4023, 4040, 4066, 4067, 4068, 4069, 4070, 4071, 4072, 4073, 4074, 4075, 4076, 4077, 4078, 4079, 4080, 4081, 4082, 4083, 4084, 4085, 4086, 4087, 4088, 4089, 4090, 4091, 4093, 4094, 4100, 4102, 4104, 4105, 4106, 4108, 4109, 4110, 4112, 4117, 4120, 4121, 4124, 4127, 4128, 4129, 4130, 4131, 4134, 4135, 4138, 4143, 4146, 4154, 4155, 4157, 4158, 4164, 4165, 4167, 4175, 4192, 4200, 4209, 4226, 4268, 4269, 4270, 4271, 4272, 4273, 4274, 4275, 4276, 4277, 4278, 4279, 4280, 4283, 4284, 4286, 4287, 4288, 4290, 4291, 4293, 4295, 4296, 4297, 4299, 4300, 4301, 4303, 4304, 4305, 4314, 4315, 4318, 4320, 4321, 4325, 4327, 4331, 4343, 4358, 4362, 4364, 4369, 4381, 4382, 4383, 4384, 4385, 4386, 4387, 4388, 4389, 4390, 4391, 4392, 4393, 4395, 4396, 4397, 4398, 4399, 4400, 4401, 4402, 4403, 4404, 4405, 4406, 4407, 4408, 4409, 4410, 4411, 4412, 4413, 4415, 4416, 4417, 4420, 4421, 4423, 4424, 4425, 4428, 4430, 4432, 4433, 4434, 4436, 4437, 4438, 4439, 4440, 4441, 4442, 4443, 4444, 4445, 4446, 4447, 4448, 4449, 4450, 4452, 4456, 4457, 4458, 4460, 4461, 4462, 4469, 4471, 4472, 4473, 4474, 4475, 4476, 4477, 4478, 4479, 4480, 4481, 4482, 4483, 4484, 4485, 4486, 4487, 4489, 4490, 4491, 4494, 4495, 4497, 4498, 4499, 4502, 4506, 4507, 4508, 4509, 4510, 4511, 4512, 4513, 4514, 4515, 4516, 4517, 4519, 4520, 4521, 4523, 4524, 4525, 4526, 4527, 4528, 4529, 4530, 4531, 4533, 4535, 4537, 4538, 4541, 4542, 4544, 4546, 4550, 4554, 4559, 4564, 4569, 4574, 4583, 4584, 4585, 4586, 4587, 4588, 4589, 4590, 4591, 4592, 4593, 4594, 4595, 4598, 4599, 4601, 4602, 4603, 4605, 4606, 4608, 4610, 4611, 4612, 4614, 4615, 4616, 4619, 4620, 4629, 4630, 4633, 4635, 4636, 4637, 4640, 4642, 4646, 4658, 4673, 4677, 4679, 4684]
  :=
  ⟨_, Magma.mk model71n3_op, Finite.of_fintype _, by decideFin!⟩

